26.142857142857
25.571428571429
28.714285714286
27.428571428571
28.142857142857
28.714285714286
28.714285714286
30.142857142857
29.0
30.714285714286
30.714285714286
31.0
28.714285714286
31.857142857143
26.142857142857
27.428571428571400
27.428571428571400
29.857142857143
32.571428571429
31.857142857143
30.714285714286
32.285714285714
31.714285714286
30.714285714286
32.57142857142860
31.285714285714
31.285714285714
33.285714285714
31.0
31.571428571429
29.571428571428600
29.857142857143
33.571428571429
34.142857142857
34.142857142857
32.285714285714300
28.0
33.285714285714300
32.714285714285700
34.0
34.0
31.714285714285700
31.714285714285700
31.285714285714
34.714285714286
34.142857142857
34.857142857143
31.571428571428600
32.714285714286
34.428571428571
25.571428571429
33.285714285714
34.142857142857
33.142857142857
34.428571428571
35.142857142857100
35.714285714285700
35.428571428571
32.285714285714
35.571428571429
31.285714285714
35.857142857142900
35.142857142857
35.142857142857
28.714285714286
35.142857142857
35.571428571429
28.857142857143
34.714285714286
34.571428571429
34.57142857142860
34.571428571429
34.857142857143
34.857142857143
34.857142857143
29.857142857142900
34.714285714285700
35.142857142857
35.142857142857
35.714285714285700
36.0
36.0
36.142857142857
36.142857142857
36.142857142857
36.285714285714
36.285714285714
36.285714285714
36.285714285714300
36.428571428571
36.42857142857140
36.42857142857140
36.571428571429
36.857142857142900
36.857142857143
36.857142857143
37.0
37.285714285714300
37.285714285714300
38.285714285714300
37.42857142857140
37.142857142857100
37.142857142857
37.42857142857140
37.42857142857140
37.428571428571
38.142857142857
38.142857142857
38.142857142857
37.42857142857140
37.857142857142900
37.285714285714300
37.285714285714300
37.857142857142900
36.857142857142900
38.142857142857100
37.142857142857
37.142857142857
32.714285714286
28.714285714286
38.0
37.714285714286
37.571428571429
37.428571428571
37.428571428571
38.142857142857
37.142857142857
37.142857142857
28.714285714286
38.0
37.285714285714
38.285714285714
31.285714285714
31.285714285714
38.571428571429
39.285714285714
38.857142857143
39.142857142857
39.285714285714
39.000000000000
38.571428571429
39.285714285714
39.142857142857
38.714285714286
38.571428571429
38.571428571429
39.000000000000
39.142857142857
38.142857142857
39.142857142857
39.000000000000
38.571428571429
38.857142857143
39.285714285714
39.285714285714
39.285714285714
38.142857142857
37.428571428571
39.000000000000
39.142857142857
38.714285714286
38.857142857143
38.857142857143
39.142857142857
38.857142857143
37.857142857143
38.000000000000
39.000000000000
39.142857142857
38.857142857143
38.428571428571
39.000000000000
38.571428571429
38.714285714286
39.000000000000
38.142857142857
38.285714285714
39.142857142857
38.714285714286
39.285714285714
27.571428571429
38.142857142857
30.142857142857
29.428571428571
34.857142857143
38.571428571429
40.142857142857100
40.0
39.142857142857100
39.857142857142900
39.57142857142860
39.714285714285700
39.42857142857140
39.57142857142860
36.57142857142860
39.857142857142900
40.0
40.285714285714300
40.0
39.857142857143
28.142857142857
39.714285714285700
39.57142857142860
40.285714285714300
40.285714285714300
32.714285714285700
39.428571428571
40.0
39.857142857143
30.285714285714
39.285714285714
39.142857142857100
40.142857142857
28.714285714286
39.714285714285700
40.142857142857
40.0
32.285714285714
39.428571428571
39.571428571429
38.857142857143
35.571428571429
31.285714285714
40.0
40.142857142857
40.285714285714300
35.857142857142900
36.0
36.0
39.714285714286
39.428571428571
39.714285714286
40.285714285714
38.285714285714
40.0
39.857142857142900
39.714285714286
40.0
39.857142857143
40.0
39.714285714286
39.571428571429
40.142857142857
39.285714285714
39.571428571429
39.857142857143
39.285714285714
31.571428571429
27.428571428571
35.857142857143
39.571428571429
39.428571428571
39.428571428571
32.571428571429
40.142857142857
34.428571428571
36.857142857143
35.571428571429
33.285714285714
34.142857142857
32.285714285714
30.428571428571
31.714285714286
24.285714285714
24.571428571429
24.714285714286
25.571428571429
28.142857142857
29.428571428571
30.714285714286
30.714285714286
31.000000000000
31.857142857143
34.142857142857
34.142857142857
34.142857142857
34.285714285714
34.428571428571
34.857142857143
34.857142857143
35.571428571429
35.714285714286
36.714285714286
36.857142857143
37.428571428571
38.571428571429
38.571428571429
38.714285714286
38.714285714286
38.714285714286
38.857142857143
38.857142857143
39.000000000000
39.142857142857
39.285714285714
39.428571428571
39.714285714286
39.714285714286
40.000000000000
40.000000000000
40.000000000000
40.142857142857
40.142857142857
40.142857142857
40.142857142857
40.142857142857
40.142857142857
40.285714285714
40.285714285714
40.285714285714
40.285714285714
40.428571428571
40.428571428571
40.428571428571
40.428571428571
40.428571428571
40.428571428571
40.428571428571
40.428571428571
40.428571428571
40.428571428571
40.428571428571
40.428571428571
40.428571428571
40.428571428571
40.428571428571
40.428571428571
40.571428571429
40.571428571429
40.571428571429
40.571428571429
40.571428571429
40.571428571429
40.571428571429
40.571428571429
40.571428571429
40.571428571429
40.571428571429
40.714285714286
40.714285714286
40.714285714286
40.714285714286
40.714285714286
40.714285714286
40.714285714286
40.714285714286
40.714285714286
40.714285714286
40.714285714286
40.714285714286
40.714285714286
40.714285714286
40.857142857143
40.857142857143
40.857142857143
40.857142857143
40.857142857143
40.857142857143
40.857142857143
40.857142857143
40.857142857143
41.000000000000
41.000000000000
41.000000000000
41.000000000000
41.000000000000
41.142857142857
41.142857142857
41.142857142857
41.142857142857
41.142857142857
41.142857142857
41.142857142857
41.142857142857
41.285714285714
41.285714285714300
41.285714285714300
42.0
41.285714285714300
41.285714285714300
41.428571428571
41.571428571429
41.571428571429
41.428571428571
39.142857142857
41.142857142857100
41.714285714285700
39.0
39.142857142857
41.857142857142900
39.57142857142860
40.285714285714300
42.142857142857
41.571428571429
41.714285714286
41.285714285714
39.0
40.142857142857
41.428571428571
41.428571428571
41.285714285714
41.857142857143
41.0
41.285714285714
40.0
41.571428571429
35.142857142857
35.142857142857
41.571428571429
41.142857142857
42.142857142857
41.142857142857
41.285714285714
41.571428571429
41.714285714286
40.571428571429
41.428571428571
40.714285714286
41.285714285714
40.571428571429
41.857142857143
26.142857142857
27.428571428571400
27.428571428571400
42.0
41.428571428571
38.428571428571
38.571428571429
40.428571428571
28.857142857143
39.857142857143
40.428571428571
41.857142857143
38.428571428571
41.142857142857
40.571428571429
41.142857142857
29.571428571428600
41.285714285714
28.714285714286
28.714285714286
40.857142857143
37.0
41.857142857143
39.0
34.571428571429
40.142857142857
39.571428571429
40.428571428571
41.857142857142900
39.714285714286
41.285714285714300
39.0
30.714285714286
40.142857142857100
41.285714285714
40.285714285714
42.000000000000
40.000000000000
40.714285714286
40.857142857143
38.285714285714
39.142857142857
39.428571428571
41.142857142857
34.000000000000
40.714285714286
31.714285714286
40.142857142857
39.142857142857
40.285714285714
39.857142857143
40.000000000000
39.000000000000
40.000000000000
40.857142857143
41.714285714286
41.142857142857
41.714285714286
41.000000000000
26.142857142857
41.000000000000
38.857142857143
40.285714285714
40.428571428571
38.857142857143
39.142857142857
29.000000000000
40.714285714286
42.285714285714
42.000000000000
39.000000000000
41.571428571429
36.571428571429
39.571428571429
37.714285714286
41.142857142857
40.428571428571
39.142857142857
38.285714285714
40.000000000000
