1.109
1.192
1.193
1.167
1.211
1.130
1.221
1.135
1.073
1.104
1.101
1.101
1.097
1.091
1.234
1.202
1.220
1.126
1.100
1.103
1.108
1.212
1.111
1.132
1.109
1.098
1.111
1.107
1.149
1.141
1.133
1.120
1.089
1.158
1.269
1.100
1.108
1.130
1.084
1.093
1.038
1.115
1.120
1.066
1.058
1.129
1.219
1.124
1.097
1.216
1.157
1.091
1.094
1.134
1.111
1.127
1.256
1.180
1.104
1.146
1.067
1.158
1.163
1.039
1.143
1.061
1.144
1.140
1.100
1.102
1.092
1.119
1.125
1.025
1.039
1.199
1.085
1.238
1.105
1.073
1.127
1.078
1.101
1.067
1.118
1.090
1.205
1.168
1.168
1.111
1.163
1.100
1.172
1.111
1.100
1.112
1.106
1.049
1.110
1.130
1.107
1.159
1.126
1.189
1.184
1.113
1.084
1.091
1.066
1.131
1.139
1.140
1.108
1.191
1.092
1.126
1.129
1.091
1.121
1.100
1.139
1.144
1.152
1.056
1.078
1.089
1.078
1.086
1.143
1.117
1.188
1.106
1.136
1.140
1.108
1.129
1.161
1.155
1.071
1.086
1.125
1.149
1.183
1.143
1.201
1.115
1.086
1.141
1.129
1.057
1.160
1.135
1.134
1.184
1.117
1.117
1.108
1.128
1.215
1.109
1.092
1.072
1.139
1.201
1.094
1.158
1.101
1.114
1.135
1.131
1.140
1.202
1.219
1.103
1.106
1.141
1.127
1.254
1.129
1.134
1.151
1.089
1.184
1.126
1.182
1.110
1.132
1.134
1.088
1.100
1.117
1.121
1.185
1.152
1.157
1.158
1.129
1.156
1.098
1.089
1.119
1.121
1.187
1.196
1.151
1.219
1.147
1.193
1.114
1.154
1.096
1.082
1.136
1.159
1.223
1.185
1.125
1.098
1.103
1.129
1.208
1.218
1.100
1.213
1.211
1.130
1.189
1.172
1.125
1.078
1.125
1.035
1.068
1.174
1.100
1.099
1.116
1.156
1.111
1.185
1.087
1.129
1.092
1.096
1.138
1.116
1.212
1.195
1.227
1.268
1.056
1.116
1.115
1.133
1.148
1.184
1.148
1.195
1.129
1.138
1.288
1.187
1.177
1.192
1.155
1.164
1.135
1.127
1.126
1.173
1.284
1.158
1.150
1.097
1.206
1.260
1.201
1.257
1.267
1.129
1.202
1.175
1.180
1.151
1.104
1.182
1.145
1.147
1.154
1.068
1.153
1.135
1.146
1.114
1.119
1.120
1.080
1.197
1.162
1.130
1.203
1.183
1.145
1.213
1.125
1.146
1.159
1.152
1.115
1.128
1.196
1.145
1.204
1.102
1.155
1.145
1.039
1.144
1.152
1.196
1.219
1.191
1.104
1.120
1.137
1.156
1.138
1.141
1.178
1.193
1.115
1.140
1.077
1.115
1.176
1.164
1.098
1.119
1.085
1.203
1.134
1.140
1.149
1.107
1.068
1.198
1.115
1.162
1.105
1.114
1.163
1.118
1.159
1.075
1.220
1.086
1.257
1.091
1.091
1.176
1.123
1.128
1.189
1.253
1.135
1.193
1.164
1.118
1.226
1.155
1.169
1.140
1.145
1.198
1.130
1.164
1.136
1.258
1.180
1.164
1.159
1.167
1.183
1.156
1.176
1.184
1.159
1.158
1.072
1.164
1.194
1.119
1.098
1.076
1.122
1.156
1.151
1.123
1.113
1.121
1.214
1.203
1.114
1.092
1.145
1.195
1.222
1.134
1.161
1.201
1.122
1.140
1.165
1.165
1.154
1.160
1.138
1.237
1.135
1.159
1.096
1.217
1.262
1.252
1.121
1.115
1.174
1.160
1.118
1.183
1.171
1.176
1.106
1.158
1.145
1.152
1.105
1.191
1.217
1.180
1.198
1.216
1.155
1.112
1.142
1.168
1.124
1.190
1.155
1.147
1.122
1.158
1.166
1.147
1.033
1.175
1.121
1.118
1.173
1.194
1.245
1.197
1.233
1.211
1.153
1.170
1.211
1.247
1.234
1.224
1.148
1.187
1.134
1.225
1.158
1.233
1.247
1.149
1.189
1.145
1.226
1.167
1.215
1.249
1.177
1.272
1.175
1.196
1.146
1.220
1.204
1.155
1.180
1.139
1.235
1.143
1.129
1.141
1.309
1.204
1.163