 1.055
 1.157
 1.164
 1.135
 1.177
 1.101
 1.181
 1.133
 1.040
 1.098
 1.094
 1.085
 1.086
 1.056
 1.241
 1.210
 1.233
 1.123
 1.091
 1.068
 1.105
 1.204
 1.091
 1.149
 1.118
 1.076
 1.095
 1.085
 1.163
 1.148
 1.121
 1.136
 1.087
 1.161
 1.302
 1.106
 1.136
 1.132
 1.060
 1.098
 1.040
 1.114
 1.141
 1.038
 1.056
 1.146
 1.246
 1.141
 1.098
 1.213
 1.197
 1.078
 1.076
 1.137
 1.106
 1.130
 1.274
 1.189
 1.120
 1.160
 1.084
 1.174
 1.185
 1.042
 1.170
 1.056
 1.149
 1.166
 1.081
 1.118
 1.094
 1.123
 1.126
 1.015
 1.032
 1.203
 1.090
 1.240
 1.096
 1.093
 1.160
 1.079
 1.094
 1.065
 1.126
 1.082
 1.224
 1.179
 1.188
 1.115
 1.164
 1.092
 1.191
 1.119
 1.111
 1.123
 1.094
 1.046
 1.094
 1.138
 1.112
 1.189
 1.144
 1.199
 1.194
 1.132
 1.090
 1.090
 1.054
 1.154
 1.151
 1.157
 1.124
 1.204
 1.100
 1.141
 1.148
 1.098
 1.140
 1.142
 1.138
 1.144
 1.178
 1.050
 1.082
 1.113
 1.073
 1.074
 1.180
 1.142
 1.189
 1.129
 1.154
 1.161
 1.116
 1.133
 1.188
 1.186
 1.068
 1.091
 1.148
 1.169
 1.209
 1.169
 1.220
 1.134
 1.101
 1.147
 1.142
 1.063
 1.164
 1.160
 1.149
 1.206
 1.120
 1.130
 1.115
 1.148
 1.241
 1.118
 1.108
 1.087
 1.160
 1.200
 1.099
 1.177
 1.118
 1.129
 1.160
 1.135
 1.158
 1.243
 1.231
 1.115
 1.133
 1.161
 1.137
 1.278
 1.143
 1.135
 1.174
 1.100
 1.222
 1.168
 1.208
 1.119
 1.152
 1.138
 1.102
 1.127
 1.137
 1.144
 1.203
 1.161
 1.190
 1.166
 1.142
 1.175
 1.122
 1.092
 1.170
 1.129
 1.214
 1.199
 1.188
 1.234
 1.165
 1.226
 1.129
 1.194
 1.108
 1.095
 1.158
 1.187
 1.237
 1.194
 1.129
 1.117
 1.108
 1.142
 1.222
 1.248
 1.136
 1.230
 1.235
 1.141
 1.212
 1.178
 1.123
 1.104
 1.149
 1.036
 1.084
 1.198
 1.094
 1.117
 1.125
 1.176
 1.132
 1.220
 1.090
 1.145
 1.085
 1.110
 1.143
 1.132
 1.234
 1.222
 1.240
 1.309
 1.061
 1.136
 1.137
 1.173
 1.178
 1.214
 1.172
 1.211
 1.141
 1.145
 1.316
 1.226
 1.202
 1.215
 1.168
 1.174
 1.158
 1.150
 1.152
 1.203
 1.321
 1.185
 1.162
 1.111
 1.227
 1.291
 1.222
 1.282
 1.282
 1.149
 1.226
 1.196
 1.203
 1.172
 1.122
 1.216
 1.154
 1.172
 1.179
 1.083
 1.207
 1.151
 1.168
 1.131
 1.142
 1.144
 1.098
 1.233
 1.189
 1.151
 1.224
 1.217
 1.191
 1.250
 1.135
 1.158
 1.166
 1.184
 1.127
 1.147
 1.206
 1.170
 1.231
 1.108
 1.182
 1.162
 1.035
 1.149
 1.178
 1.230
 1.238
 1.228
 1.118
 1.129
 1.154
 1.174
 1.167
 1.153
 1.210
 1.220
 1.141
 1.158
 1.091
 1.136
 1.203
 1.177
 1.114
 1.136
 1.097
 1.231
 1.148
 1.163
 1.165
 1.121
 1.081
 1.237
 1.141
 1.172
 1.122
 1.126
 1.195
 1.140
 1.168
 1.074
 1.245
 1.088
 1.308
 1.112
 1.098
 1.227
 1.137
 1.152
 1.243
 1.303
 1.159
 1.231
 1.190
 1.129
 1.269
 1.174
 1.200
 1.175
 1.184
 1.218
 1.140
 1.180
 1.138
 1.290
 1.183
 1.191
 1.175
 1.206
 1.194
 1.173
 1.208
 1.203
 1.180
 1.175
 1.095
 1.177
 1.216
 1.152
 1.121
 1.095
 1.143
 1.182
 1.189
 1.145
 1.143
 1.139
 1.246
 1.228
 1.139
 1.108
 1.167
 1.218
 1.265
 1.163
 1.184
 1.232
 1.128
 1.162
 1.189
 1.187
 1.182
 1.170
 1.128
 1.279
 1.159
 1.175
 1.111
 1.273
 1.296
 1.290
 1.133
 1.130
 1.217
 1.171
 1.148
 1.228
 1.191
 1.200
 1.126
 1.183
 1.162
 1.187
 1.117
 1.227
 1.239
 1.226
 1.241
 1.228
 1.173
 1.131
 1.172
 1.202
 1.160
 1.199
 1.180
 1.160
 1.147
 1.183
 1.203
 1.173
 1.043
 1.203
 1.143
 1.127
 1.195
 1.236
 1.278
 1.234
 1.267
 1.224
 1.183
 1.213
 1.229
 1.288
 1.271
 1.264
 1.184
 1.217
 1.161
 1.262
 1.182
 1.259
 1.278
 1.177
 1.219
 1.175
 1.278
 1.200
 1.235
 1.271
 1.199
 1.313
 1.200
 1.240
 1.169
 1.238
 1.233
 1.186
 1.212
 1.171
 1.268
 1.171
 1.156
 1.168
 1.326
 1.243
 1.180
