1.120
1.204
1.211
1.177
1.216
1.137
1.239
1.164
1.099
1.137
1.133
1.134
1.137
1.115
1.272
1.246
1.266
1.169
1.148
1.128
1.142
1.240
1.140
1.182
1.160
1.132
1.142
1.149
1.195
1.190
1.184
1.178
1.131
1.224
1.344
1.151
1.174
1.179
1.125
1.158
1.095
1.166
1.188
1.097
1.107
1.192
1.283
1.186
1.140
1.267
1.231
1.138
1.126
1.183
1.172
1.185
1.321
1.249
1.163
1.204
1.120
1.223
1.226
1.090
1.203
1.107
1.200
1.208
1.183
1.163
1.137
1.168
1.179
1.070
1.089
1.250
1.148
1.301
1.165
1.148
1.204
1.148
1.167
1.126
1.188
1.145
1.273
1.241
1.241
1.182
1.213
1.144
1.245
1.171
1.158
1.172
1.179
1.106
1.175
1.206
1.166
1.250
1.209
1.249
1.243
1.185
1.153
1.166
1.127
1.194
1.227
1.218
1.189
1.280
1.163
1.205
1.200
1.161
1.201
1.195
1.211
1.198
1.225
1.124
1.153
1.167
1.134
1.139
1.216
1.196
1.249
1.199
1.205
1.203
1.182
1.217
1.249
1.235
1.148
1.167
1.204
1.222
1.263
1.226
1.281
1.196
1.158
1.247
1.216
1.145
1.231
1.222
1.219
1.275
1.206
1.193
1.190
1.203
1.327
1.186
1.162
1.142
1.211
1.271
1.163
1.223
1.178
1.193
1.206
1.199
1.202
1.307
1.293
1.183
1.182
1.221
1.194
1.346
1.240
1.221
1.227
1.164
1.267
1.213
1.254
1.189
1.215
1.217
1.158
1.174
1.198
1.213
1.287
1.216
1.250
1.222
1.207
1.243
1.188
1.165
1.212
1.208
1.273
1.297
1.238
1.324
1.210
1.276
1.197
1.246
1.164
1.160
1.223
1.237
1.298
1.269
1.193
1.171
1.169
1.202
1.289
1.297
1.177
1.291
1.316
1.228
1.269
1.227
1.180
1.163
1.209
1.105
1.148
1.254
1.163
1.177
1.200
1.235
1.191
1.278
1.170
1.205
1.165
1.166
1.224
1.201
1.302
1.281
1.308
1.373
1.133
1.212
1.203
1.223
1.240
1.256
1.228
1.265
1.202
1.198
1.372
1.270
1.263
1.281
1.235
1.240
1.208
1.210
1.219
1.264
1.394
1.238
1.236
1.183
1.289
1.354
1.285
1.348
1.366
1.217
1.289
1.252
1.259
1.224
1.182
1.276
1.226
1.232
1.238
1.149
1.250
1.225
1.243
1.197
1.204
1.215
1.165
1.302
1.244
1.218
1.298
1.272
1.246
1.313
1.210
1.219
1.236
1.243
1.199
1.205
1.272
1.233
1.300
1.189
1.233
1.215
1.109
1.221
1.240
1.276
1.316
1.270
1.211
1.213
1.229
1.232
1.226
1.221
1.269
1.280
1.193
1.213
1.155
1.192
1.270
1.243
1.173
1.191
1.162
1.288
1.214
1.234
1.228
1.189
1.150
1.282
1.204
1.244
1.201
1.199
1.249
1.199
1.240
1.154
1.284
1.160
1.351
1.175
1.176
1.270
1.195
1.214
1.289
1.351
1.223
1.282
1.239
1.195
1.325
1.236
1.261
1.221
1.236
1.277
1.214
1.247
1.215
1.359
1.247
1.250
1.238
1.257
1.270
1.236
1.262
1.266
1.260
1.234
1.154
1.248
1.284
1.205
1.198
1.164
1.220
1.252
1.253
1.207
1.203
1.196
1.302
1.285
1.201
1.186
1.225
1.278
1.326
1.222
1.238
1.289
1.193
1.212
1.262
1.249
1.230
1.222
1.238
1.332
1.220
1.239
1.189
1.324
1.371
1.355
1.193
1.204
1.266
1.240
1.203
1.273
1.261
1.257
1.196
1.246
1.237
1.244
1.193
1.285
1.289
1.278
1.289
1.296
1.240
1.212
1.238
1.256
1.210
1.264
1.234
1.229
1.203
1.236
1.250
1.231
1.112
1.261
1.211
1.202
1.253
1.297
1.347
1.302
1.332
1.300
1.256
1.272
1.305
1.361
1.340
1.321
1.244
1.276
1.227
1.323
1.247
1.336
1.348
1.238
1.278
1.240
1.325
1.273
1.303
1.341
1.270
1.383
1.261
1.295
1.232
1.301
1.295
1.238
1.276
1.231
1.337
1.235
1.223
1.237
1.400
1.306
1.250
