1.099
1.197
1.197
1.181
1.221
1.135
1.229
1.137
1.074
1.105
1.100
1.103
1.095
1.095
1.237
1.200
1.219
1.126
1.097
1.107
1.107
1.216
1.115
1.130
1.103
1.100
1.114
1.107
1.147
1.138
1.131
1.114
1.088
1.156
1.262
1.099
1.102
1.130
1.086
1.078
1.031
1.116
1.113
1.070
1.053
1.122
1.212
1.120
1.097
1.214
1.148
1.090
1.101
1.134
1.104
1.124
1.253
1.172
1.099
1.142
1.062
1.154
1.156
1.035
1.139
1.057
1.144
1.128
1.084
1.095
1.093
1.119
1.123
1.022
1.036
1.200
1.078
1.237
1.103
1.061
1.118
1.064
1.094
1.059
1.111
1.085
1.204
1.162
1.161
1.102
1.164
1.101
1.167
1.107
1.096
1.109
1.098
1.043
1.101
1.123
1.103
1.146
1.118
1.185
1.182
1.106
1.077
1.080
1.059
1.127
1.128
1.133
1.097
1.178
1.084
1.116
1.123
1.085
1.112
1.073
1.136
1.143
1.141
1.045
1.065
1.074
1.074
1.083
1.136
1.105
1.186
1.091
1.130
1.135
1.098
1.115
1.149
1.148
1.062
1.073
1.115
1.142
1.176
1.133
1.194
1.105
1.077
1.119
1.115
1.042
1.157
1.122
1.125
1.176
1.102
1.109
1.096
1.122
1.197
1.101
1.082
1.063
1.133
1.195
1.085
1.152
1.093
1.104
1.126
1.126
1.136
1.189
1.215
1.092
1.097
1.133
1.122
1.245
1.110
1.122
1.143
1.079
1.175
1.112
1.176
1.099
1.119
1.123
1.082
1.091
1.107
1.107
1.171
1.149
1.144
1.154
1.120
1.147
1.082
1.080
1.101
1.109
1.177
1.170
1.139
1.202
1.145
1.185
1.102
1.141
1.089
1.073
1.120
1.154
1.219
1.177
1.122
1.089
1.098
1.124
1.198
1.214
1.091
1.207
1.202
1.117
1.182
1.175
1.125
1.064
1.113
1.026
1.055
1.167
1.099
1.090
1.103
1.146
1.100
1.170
1.076
1.122
1.087
1.087
1.126
1.107
1.199
1.187
1.222
1.256
1.046
1.099
1.102
1.121
1.134
1.179
1.138
1.193
1.125
1.140
1.284
1.177
1.169
1.183
1.147
1.159
1.130
1.116
1.112
1.160
1.273
1.150
1.139
1.085
1.199
1.251
1.193
1.252
1.259
1.119
1.193
1.170
1.172
1.144
1.095
1.173
1.139
1.135
1.142
1.055
1.138
1.125
1.130
1.099
1.107
1.104
1.069
1.184
1.151
1.118
1.193
1.173
1.128
1.200
1.116
1.141
1.151
1.142
1.104
1.120
1.190
1.138
1.192
1.092
1.148
1.141
1.027
1.138
1.141
1.190
1.209
1.183
1.087
1.107
1.126
1.147
1.125
1.133
1.169
1.186
1.105
1.134
1.067
1.106
1.164
1.155
1.090
1.111
1.074
1.195
1.127
1.126
1.141
1.096
1.055
1.191
1.099
1.154
1.095
1.102
1.152
1.109
1.154
1.064
1.216
1.076
1.247
1.078
1.077
1.167
1.120
1.117
1.175
1.242
1.125
1.182
1.156
1.111
1.212
1.147
1.157
1.128
1.133
1.191
1.117
1.157
1.129
1.249
1.179
1.153
1.150
1.157
1.173
1.149
1.166
1.178
1.145
1.153
1.062
1.154
1.187
1.109
1.084
1.064
1.106
1.143
1.139
1.115
1.099
1.112
1.207
1.195
1.101
1.077
1.135
1.189
1.208
1.124
1.156
1.194
1.117
1.132
1.151
1.157
1.149
1.160
1.120
1.228
1.122
1.154
1.083
1.203
1.249
1.241
1.113
1.106
1.165
1.155
1.107
1.171
1.162
1.169
1.094
1.148
1.134
1.141
1.092
1.180
1.215
1.167
1.186
1.209
1.147
1.099
1.131
1.159
1.113
1.187
1.147
1.139
1.113
1.151
1.156
1.137
1.024
1.165
1.110
1.109
1.168
1.184
1.237
1.186
1.225
1.205
1.139
1.160
1.202
1.233
1.224
1.213
1.134
1.177
1.122
1.218
1.152
1.223
1.236
1.136
1.178
1.134
1.212
1.155
1.209
1.242
1.168
1.263
1.166
1.185
1.138
1.215
1.194
1.147
1.170
1.125
1.223
1.133
1.119
1.130
1.309
1.193
1.155
