 1.122
 1.198
 1.196
 1.164
 1.219
 1.131
 1.220
 1.128
 1.062
 1.090
 1.093
 1.091
 1.087
 1.084
 1.225
 1.187
 1.208
 1.117
 1.080
 1.098
 1.093
 1.207
 1.104
 1.117
 1.093
 1.088
 1.101
 1.096
 1.140
 1.125
 1.119
 1.101
 1.075
 1.138
 1.248
 1.085
 1.087
 1.115
 1.068
 1.062
 1.016
 1.102
 1.098
 1.055
 1.038
 1.106
 1.193
 1.109
 1.079
 1.197
 1.129
 1.071
 1.085
 1.119
 1.086
 1.108
 1.234
 1.158
 1.080
 1.131
 1.048
 1.136
 1.144
 1.023
 1.123
 1.040
 1.125
 1.113
 1.062
 1.082
 1.078
 1.105
 1.107
 1.010
 1.022
 1.183
 1.064
 1.217
 1.085
 1.046
 1.102
 1.046
 1.076
 1.041
 1.092
 1.068
 1.189
 1.144
 1.146
 1.082
 1.145
 1.087
 1.149
 1.093
 1.082
 1.097
 1.084
 1.029
 1.080
 1.105
 1.083
 1.124
 1.098
 1.165
 1.162
 1.089
 1.057
 1.063
 1.043
 1.111
 1.109
 1.112
 1.081
 1.161
 1.069
 1.102
 1.110
 1.070
 1.095
 1.055
 1.117
 1.123
 1.126
 1.027
 1.048
 1.057
 1.057
 1.067
 1.120
 1.089
 1.167
 1.076
 1.114
 1.117
 1.079
 1.095
 1.129
 1.129
 1.045
 1.051
 1.102
 1.124
 1.157
 1.115
 1.174
 1.086
 1.063
 1.106
 1.100
 1.027
 1.140
 1.105
 1.109
 1.161
 1.086
 1.094
 1.083
 1.104
 1.170
 1.086
 1.068
 1.052
 1.113
 1.175
 1.069
 1.133
 1.076
 1.088
 1.110
 1.111
 1.118
 1.162
 1.192
 1.074
 1.082
 1.118
 1.105
 1.222
 1.086
 1.103
 1.122
 1.064
 1.154
 1.094
 1.156
 1.082
 1.103
 1.104
 1.068
 1.077
 1.088
 1.090
 1.152
 1.126
 1.126
 1.133
 1.100
 1.131
 1.064
 1.062
 1.082
 1.090
 1.155
 1.155
 1.121
 1.183
 1.128
 1.166
 1.084
 1.127
 1.073
 1.058
 1.102
 1.134
 1.198
 1.157
 1.102
 1.068
 1.083
 1.106
 1.175
 1.194
 1.075
 1.183
 1.182
 1.100
 1.163
 1.155
 1.108
 1.048
 1.097
 1.011
 1.038
 1.148
 1.081
 1.075
 1.085
 1.128
 1.083
 1.142
 1.059
 1.108
 1.073
 1.070
 1.107
 1.092
 1.184
 1.168
 1.197
 1.232
 1.027
 1.085
 1.087
 1.104
 1.113
 1.157
 1.120
 1.176
 1.104
 1.117
 1.261
 1.160
 1.151
 1.160
 1.129
 1.142
 1.114
 1.097
 1.093
 1.141
 1.248
 1.128
 1.122
 1.070
 1.178
 1.226
 1.167
 1.228
 1.239
 1.101
 1.170
 1.156
 1.151
 1.125
 1.079
 1.157
 1.116
 1.116
 1.124
 1.041
 1.120
 1.110
 1.116
 1.082
 1.088
 1.086
 1.055
 1.166
 1.133
 1.100
 1.176
 1.151
 1.111
 1.183
 1.100
 1.124
 1.138
 1.123
 1.089
 1.103
 1.166
 1.118
 1.172
 1.076
 1.133
 1.124
 1.012
 1.117
 1.119
 1.176
 1.188
 1.160
 1.072
 1.090
 1.111
 1.128
 1.107
 1.114
 1.151
 1.164
 1.089
 1.118
 1.051
 1.092
 1.144
 1.134
 1.075
 1.094
 1.061
 1.174
 1.110
 1.111
 1.126
 1.079
 1.038
 1.171
 1.082
 1.134
 1.078
 1.087
 1.132
 1.092
 1.136
 1.046
 1.197
 1.060
 1.224
 1.064
 1.062
 1.146
 1.100
 1.104
 1.157
 1.220
 1.110
 1.164
 1.137
 1.093
 1.188
 1.131
 1.138
 1.112
 1.115
 1.169
 1.099
 1.138
 1.110
 1.226
 1.160
 1.137
 1.132
 1.137
 1.149
 1.131
 1.149
 1.159
 1.124
 1.137
 1.049
 1.132
 1.167
 1.093
 1.066
 1.050
 1.087
 1.121
 1.121
 1.103
 1.082
 1.090
 1.183
 1.174
 1.089
 1.060
 1.118
 1.170
 1.190
 1.106
 1.136
 1.171
 1.097
 1.114
 1.132
 1.137
 1.131
 1.141
 1.100
 1.207
 1.101
 1.139
 1.066
 1.184
 1.227
 1.221
 1.095
 1.092
 1.149
 1.137
 1.092
 1.153
 1.145
 1.147
 1.074
 1.131
 1.119
 1.123
 1.076
 1.162
 1.195
 1.148
 1.168
 1.192
 1.129
 1.083
 1.111
 1.137
 1.095
 1.166
 1.128
 1.118
 1.097
 1.134
 1.135
 1.119
 1.015
 1.146
 1.093
 1.090
 1.148
 1.166
 1.215
 1.168
 1.202
 1.179
 1.121
 1.143
 1.181
 1.209
 1.203
 1.192
 1.116
 1.156
 1.108
 1.194
 1.133
 1.205
 1.213
 1.116
 1.158
 1.116
 1.187
 1.139
 1.185
 1.218
 1.148
 1.240
 1.147
 1.159
 1.118
 1.194
 1.171
 1.129
 1.152
 1.107
 1.199
 1.117
 1.103
 1.111
 1.287
 1.174
 1.136
