 1.131
 1.145
 1.143
 1.110
 1.183
 1.104
 1.161
 1.073
 1.022
 1.026
 1.028
 1.029
 1.027
 1.031
 1.139
 1.108
 1.112
 1.049
 1.012
 1.057
 1.031
 1.152
 1.058
 1.048
 1.013
 1.039
 1.052
 1.043
 1.044
 1.054
 1.049
 1.016
 1.014
 1.067
 1.156
 1.021
 0.987
 1.045
 1.018
 0.985
 0.950
 1.030
 1.011
 1.000
 0.975
 1.043
 1.115
 1.018
 1.027
 1.136
 1.023
 1.018
 1.023
 1.055
 1.027
 1.031
 1.163
 1.089
 1.002
 1.052
 0.980
 1.073
 1.061
 0.967
 1.049
 0.988
 1.055
 1.011
 0.995
 1.003
 1.012
 1.033
 1.047
 0.953
 0.963
 1.122
 1.006
 1.151
 1.022
 0.978
 1.019
 0.992
 1.023
 0.983
 1.029
 1.023
 1.087
 1.053
 1.071
 1.014
 1.084
 1.032
 1.080
 1.036
 1.015
 1.021
 1.024
 0.969
 1.034
 1.048
 1.028
 1.045
 1.018
 1.109
 1.102
 1.029
 1.003
 0.990
 0.990
 1.033
 1.042
 1.042
 1.012
 1.088
 1.007
 1.029
 1.042
 1.006
 1.013
 0.966
 1.043
 1.077
 1.060
 0.968
 0.977
 0.992
 1.012
 1.020
 1.041
 1.014
 1.112
 0.999
 1.041
 1.055
 1.022
 1.034
 1.063
 1.056
 0.992
 0.995
 1.024
 1.053
 1.084
 1.048
 1.115
 1.017
 0.995
 1.030
 1.024
 0.956
 1.072
 1.031
 1.032
 1.076
 1.009
 1.028
 1.012
 1.037
 1.098
 1.026
 0.998
 0.986
 1.049
 1.122
 1.014
 1.081
 1.006
 1.025
 1.038
 1.050
 1.062
 1.071
 1.123
 1.012
 1.009
 1.050
 1.046
 1.148
 1.014
 1.027
 1.050
 0.995
 1.075
 1.011
 1.096
 1.017
 1.035
 1.039
 1.004
 1.014
 1.026
 1.021
 1.071
 1.076
 1.052
 1.085
 1.041
 1.051
 1.006
 1.003
 0.988
 1.032
 1.088
 1.081
 1.051
 1.105
 1.059
 1.097
 1.016
 1.037
 1.009
 0.992
 1.044
 1.055
 1.126
 1.084
 1.045
 0.991
 1.018
 1.047
 1.120
 1.118
 1.003
 1.127
 1.099
 1.021
 1.096
 1.088
 1.054
 0.979
 1.031
 0.952
 0.966
 1.083
 1.027
 1.003
 1.015
 1.064
 1.013
 1.082
 0.996
 1.036
 1.017
 1.010
 1.044
 1.009
 1.106
 1.089
 1.116
 1.149
 0.977
 1.014
 1.017
 1.018
 1.048
 1.086
 1.050
 1.097
 1.040
 1.054
 1.184
 1.074
 1.071
 1.096
 1.060
 1.086
 1.047
 1.040
 1.025
 1.069
 1.167
 1.066
 1.045
 0.999
 1.109
 1.151
 1.109
 1.147
 1.163
 1.032
 1.102
 1.075
 1.092
 1.057
 1.018
 1.075
 1.038
 1.045
 1.055
 0.988
 1.035
 1.042
 1.038
 1.033
 1.012
 1.009
 0.990
 1.074
 1.070
 1.029
 1.100
 1.071
 1.025
 1.101
 1.042
 1.060
 1.071
 1.034
 1.025
 1.038
 1.107
 1.048
 1.101
 1.009
 1.056
 1.056
 0.966
 1.065
 1.053
 1.089
 1.115
 1.094
 0.998
 1.023
 1.034
 1.073
 1.037
 1.053
 1.082
 1.093
 1.020
 1.054
 0.994
 1.025
 1.074
 1.082
 1.010
 1.043
 1.000
 1.105
 1.053
 1.039
 1.052
 1.028
 0.976
 1.083
 1.025
 1.080
 0.997
 1.015
 1.062
 1.011
 1.068
 0.979
 1.126
 1.007
 1.138
 0.996
 0.987
 1.055
 1.040
 1.036
 1.054
 1.139
 1.040
 1.076
 1.074
 1.027
 1.125
 1.062
 1.068
 1.042
 1.037
 1.107
 1.029
 1.069
 1.056
 1.146
 1.101
 1.072
 1.066
 1.068
 1.090
 1.061
 1.074
 1.093
 1.064
 1.070
 0.986
 1.072
 1.094
 1.033
 1.000
 0.981
 1.019
 1.051
 1.042
 1.027
 1.014
 1.034
 1.115
 1.109
 1.018
 0.996
 1.040
 1.096
 1.109
 1.042
 1.071
 1.110
 1.049
 1.057
 1.060
 1.072
 1.063
 1.089
 1.032
 1.133
 1.042
 1.061
 0.998
 1.084
 1.145
 1.132
 1.040
 1.025
 1.060
 1.072
 1.026
 1.054
 1.080
 1.080
 1.015
 1.059
 1.048
 1.046
 1.015
 1.080
 1.120
 1.065
 1.077
 1.132
 1.063
 1.009
 1.043
 1.063
 1.025
 1.109
 1.069
 1.065
 1.029
 1.068
 1.066
 1.047
 0.939
 1.079
 1.026
 1.034
 1.078
 1.082
 1.136
 1.087
 1.119
 1.112
 1.053
 1.056
 1.109
 1.121
 1.123
 1.118
 1.052
 1.092
 1.034
 1.118
 1.068
 1.125
 1.138
 1.064
 1.101
 1.044
 1.093
 1.054
 1.118
 1.152
 1.081
 1.155
 1.077
 1.079
 1.055
 1.132
 1.111
 1.059
 1.088
 1.040
 1.131
 1.039
 1.031
 1.036
 1.209
 1.089
 1.074
