1.096
1.115
1.106
1.076
1.153
1.074
1.119
1.051
0.982
0.993
1.006
0.995
0.997
1.001
1.115
1.087
1.092
1.018
0.982
1.023
1.009
1.130
1.024
1.028
0.991
1.009
1.029
1.003
1.025
1.034
1.011
0.988
0.988
1.030
1.130
0.989
0.962
1.016
0.983
0.966
0.919
1.006
0.991
0.974
0.948
1.007
1.090
0.992
0.998
1.103
0.989
0.984
0.993
1.025
0.991
0.997
1.141
1.050
0.979
1.027
0.955
1.039
1.037
0.935
1.027
0.960
1.026
0.991
0.952
0.983
0.989
1.010
1.019
0.929
0.937
1.092
0.974
1.120
0.989
0.946
0.997
0.956
0.982
0.950
0.992
0.990
1.062
1.022
1.043
0.982
1.054
1.005
1.044
1.010
0.984
0.994
0.975
0.940
0.994
1.011
0.998
1.010
0.980
1.081
1.074
1.003
0.965
0.953
0.950
1.009
1.003
1.015
0.988
1.052
0.973
0.998
1.010
0.973
0.991
0.946
1.006
1.056
1.030
0.932
0.947
0.962
0.978
0.980
1.023
0.988
1.082
0.963
1.018
1.035
0.985
0.987
1.032
1.033
0.948
0.955
0.995
1.029
1.062
1.019
1.086
0.982
0.967
0.988
0.989
0.925
1.040
1.002
0.997
1.038
0.962
0.996
0.972
1.012
1.069
0.993
0.970
0.959
1.019
1.084
0.980
1.056
0.975
0.990
1.014
1.015
1.036
1.039
1.101
0.984
0.979
1.016
1.014
1.117
0.971
0.989
1.025
0.961
1.056
0.995
1.075
0.977
1.012
0.998
0.979
0.990
1.003
0.992
1.032
1.055
1.029
1.060
1.015
1.020
0.972
0.968
0.964
0.993
1.062
1.035
1.024
1.059
1.030
1.076
0.979
1.019
0.975
0.962
1.015
1.036
1.102
1.053
1.009
0.966
0.990
1.020
1.087
1.096
0.980
1.103
1.071
0.980
1.074
1.065
1.027
0.950
0.999
0.919
0.931
1.052
0.987
0.972
0.981
1.039
0.982
1.059
0.958
1.001
0.976
0.983
0.996
0.983
1.073
1.066
1.090
1.129
0.939
0.973
0.984
0.997
1.021
1.069
1.024
1.074
1.012
1.018
1.159
1.054
1.044
1.069
1.030
1.050
1.021
1.010
0.999
1.040
1.138
1.033
1.002
0.960
1.083
1.125
1.083
1.125
1.135
0.996
1.075
1.052
1.058
1.032
0.990
1.054
1.004
1.018
1.026
0.955
1.017
1.012
1.010
1.001
0.979
0.972
0.961
1.052
1.049
0.991
1.071
1.047
0.991
1.075
1.005
1.031
1.037
1.010
0.990
1.009
1.081
1.018
1.073
0.972
1.037
1.035
0.925
1.032
1.019
1.066
1.083
1.067
0.951
0.978
0.998
1.049
1.007
1.028
1.051
1.067
0.994
1.025
0.960
0.998
1.042
1.054
0.982
1.012
0.972
1.076
1.021
1.006
1.027
0.994
0.942
1.060
0.995
1.046
0.964
0.984
1.038
0.985
1.034
0.947
1.107
0.967
1.124
0.965
0.947
1.038
1.011
1.004
1.036
1.118
1.006
1.055
1.047
0.997
1.101
1.030
1.036
1.020
1.019
1.079
0.993
1.039
1.021
1.117
1.064
1.044
1.040
1.041
1.060
1.037
1.048
1.060
1.029
1.052
0.954
1.047
1.067
1.005
0.969
0.945
0.989
1.022
1.020
0.997
0.984
1.009
1.091
1.086
0.986
0.951
1.013
1.071
1.083
1.017
1.044
1.081
1.016
1.036
1.030
1.045
1.039
1.055
0.977
1.108
1.014
1.027
0.958
1.061
1.115
1.108
1.013
0.991
1.034
1.045
0.996
1.032
1.050
1.059
0.984
1.038
1.012
1.020
0.983
1.056
1.097
1.045
1.057
1.097
1.030
0.969
1.014
1.044
0.998
1.077
1.048
1.023
1.003
1.042
1.045
1.022
0.904
1.053
0.990
1.001
1.053
1.053
1.109
1.066
1.094
1.084
1.023
1.032
1.084
1.101
1.094
1.093
1.027
1.062
1.007
1.094
1.038
1.091
1.113
1.037
1.074
1.015
1.073
1.028
1.088
1.123
1.049
1.126
1.055
1.060
1.024
1.099
1.079
1.039
1.055
1.013
1.105
1.007
1.000
1.011
1.172
1.063
1.047
