1.003
1.073
1.095
1.095
1.054
1.058
1.107
1.108
1.119
1.145
1.127
1.140
1.140
1.114
1.141
1.146
1.160
1.149
1.169
1.103
1.132
1.097
1.113
1.149
1.170
1.122
1.110
1.146
1.166
1.151
1.171
1.192
1.146
1.188
1.190
1.163
1.221
1.161
1.144
1.199
1.192
1.159
1.198
1.126
1.168
1.183
1.177
1.195
1.142
1.149
1.245
1.156
1.133
1.154
1.183
1.189
1.158
1.190
1.188
1.172
1.173
1.177
1.181
1.166
1.171
1.154
1.169
1.218
1.242
1.182
1.149
1.156
1.157
1.152
1.161
1.145
1.179
1.162
1.178
1.213
1.208
1.200
1.188
1.185
1.197
1.157
1.199
1.214
1.189
1.203
1.151
1.139
1.192
1.160
1.177
1.178
1.209
1.176
1.182
1.193
1.169
1.237
1.235
1.156
1.157
1.181
1.194
1.223
1.186
1.184
1.223
1.200
1.203
1.217
1.196
1.208
1.189
1.193
1.212
1.264
1.204
1.134
1.190
1.206
1.217
1.214
1.159
1.162
1.189
1.211
1.154
1.245
1.184
1.163
1.201
1.233
1.210
1.196
1.211
1.222
1.210
1.187
1.189
1.203
1.179
1.217
1.198
1.262
1.230
1.238
1.183
1.219
1.222
1.229
1.254
1.198
1.224
1.189
1.240
1.195
1.197
1.191
1.188
1.173
1.186
1.159
1.209
1.206
1.189
1.182
1.159
1.257
1.174
1.203
1.208
1.202
1.177
1.205
1.278
1.234
1.197
1.211
1.200
1.220
1.166
1.217
1.201
1.219
1.182
1.185
1.194
1.223
1.247
1.153
1.214
1.152
1.190
1.219
1.222
1.204
1.257
1.216
1.198
1.253
1.208
1.250
1.176
1.186
1.223
1.222
1.194
1.206
1.205
1.194
1.178
1.206
1.183
1.212
1.180
1.178
1.186
1.183
1.202
1.170
1.229
1.253
1.182
1.152
1.149
1.224
1.210
1.203
1.233
1.192
1.178
1.211
1.223
1.189
1.213
1.207
1.221
1.204
1.193
1.186
1.229
1.222
1.213
1.202
1.199
1.216
1.206
1.245
1.222
1.227
1.215
1.175
1.200
1.179
1.187
1.177
1.184
1.205
1.210
1.199
1.199
1.181
1.182
1.198
1.220
1.215
1.225
1.199
1.233
1.232
1.190
1.203
1.186
1.198
1.203
1.222
1.200
1.190
1.190
1.186
1.194
1.211
1.220
1.210
1.206
1.203
1.230
1.210
1.230
1.195
1.230
1.251
1.212
1.238
1.186
1.229
1.211
1.215
1.257
1.222
1.203
1.183
1.192
1.231
1.211
1.195
1.177
1.211
1.212
1.223
1.189
1.173
1.198
1.183
1.217
1.197
1.215
1.191
1.273
1.240
1.232
1.174
1.218
1.188
1.207
1.200
1.200
1.184
1.203
1.194
1.219
1.179
1.195
1.177
1.195
1.197
1.189
1.226
1.195
1.197
1.220
1.209
1.210
1.189
1.246
1.219
1.203
1.217
1.199
1.219
1.159
1.199
1.202
1.218
1.243
1.223
1.182
1.210
1.243
1.209
1.216
1.216
1.183
1.199
1.204
1.200
1.217
1.198
1.214
1.184
1.222
1.200
1.190
1.217
1.171
1.197
1.190
1.208
1.199
1.192
1.204
1.194
1.224
1.173
1.209
1.192
1.204
1.199
1.237
1.232
1.234
1.225
1.229
1.211
1.223
1.185
1.193
1.183
1.218
1.247
1.209
1.193
1.225
1.201
1.186
1.193
1.174
1.170
1.225
1.196
1.184
1.158
1.267
1.203
1.203
1.206
1.241
1.248
1.229
1.223
1.177
1.215
1.225
1.187
1.207
1.233
1.201
1.187
1.215
1.200
1.223
1.219
1.214
1.217
1.175
1.223
1.219
1.181
1.204
1.251
1.221
1.203
1.213
1.174
1.178
1.202
1.199
1.186
1.196
1.204
1.231
1.198
1.223
1.200
1.190
1.232
1.214
1.222
1.218
1.199
1.228
1.232
1.204
1.237
1.225
1.209
1.211
1.201
1.219
1.209
1.201
1.224
1.211
1.194
1.191
1.222
1.234
1.238
1.197
1.194
1.210
1.229
1.195
1.222
1.202
1.183
1.200
1.192
1.209
1.215
1.210
1.227
1.223
1.223
1.194
1.229
1.194
