1.25
1.29
1.28
1.41
1.31
1.33
1.34
1.65
1.63
1.63
1.59
1.59
1.72
1.55
1.47
1.58
1.58
1.72
1.83
1.59
1.68
1.70
1.68
1.89
1.81
1.78
1.83
1.86
1.65
1.82
1.74
1.86
1.98
1.99
1.93
2.07
1.95
1.90
1.88
2.06
2.02
2.01
2.03
1.86
2.07
2.09
1.91
1.94
2.13
1.83
1.83
2.06
1.83
1.92
2.00
1.97
2.05
2.05
2.01
2.12
2.13
2.21
2.02
2.19
2.09
2.07
2.12
1.86
2.26
2.03
2.02
2.02
2.10
1.99
2.07
2.05
2.40
2.12
2.20
2.29
2.30
2.34
2.34
2.51
2.24
2.38
1.96
2.01
2.31
2.33
2.11
2.16
2.27
2.28
2.22
2.21
2.26
2.27
2.30
2.61
2.19
2.37
2.38
2.18
2.16
2.54
2.44
2.39
2.33
2.21
2.40
2.29
2.33
2.35
2.46
2.22
2.35
2.37
2.19
2.29
2.20
2.43
2.41
2.45
2.46
2.29
2.22
2.22
2.39
2.33
2.28
2.43
2.29
2.29
2.48
2.50
2.51
2.55
2.46
2.69
2.48
2.41
2.53
2.59
2.58
2.51
2.63
2.42
2.59
2.65
2.38
2.45
2.41
2.53
2.69
2.56
2.42
2.52
2.57
2.56
2.59
2.56
2.34
2.42
2.59
2.53
2.34
2.56
2.49
2.56
2.45
2.35
2.35
2.54
2.53
2.63
2.49
2.46
2.44
2.41
2.37
2.48
2.59
2.43
2.46
2.46
2.49
2.54
2.65
2.77
2.44
2.57
2.38
2.50
2.59
2.48
2.59
2.54
2.72
2.64
2.44
2.66
2.66
2.57
2.63
2.48
2.44
2.47
2.60
2.44
2.49
2.49
2.65
2.48
2.47
2.42
2.54
2.46
2.55
2.51
2.44
2.56
2.65
2.62
2.58
2.57
2.62
2.40
2.42
2.63
2.76
2.64
2.69
2.56
2.56
2.51
2.52
2.60
2.62
2.50
2.73
2.49
2.63
2.69
2.64
2.46
2.34
2.48
2.41
2.64
2.64
2.62
2.82
2.59
2.67
2.48
2.49
2.48
2.60
2.40
2.42
2.39
2.45
2.52
2.48
2.63
2.53
2.79
2.65
2.52
2.63
2.62
2.64
2.76
2.62
2.47
2.68
2.62
2.55
2.70
2.63
2.52
2.65
2.50
2.85
2.77
2.32
2.59
2.66
2.86
2.57
2.54
2.59
2.66
2.77
2.71
2.76
2.51
2.58
2.64
2.68
2.69
2.69
2.66
2.59
2.68
2.61
2.54
2.67
2.61
2.53
2.75
2.63
2.68
2.57
2.57
2.73
2.59
2.64
2.51
2.54
2.60
2.69
2.67
2.75
2.69
2.72
2.67
2.67
2.44
2.61
2.64
2.65
2.73
2.71
2.71
2.67
2.73
2.78
2.59
2.74
2.64
2.51
2.69
2.83
2.41
2.81
2.67
2.56
2.70
2.79
2.67
2.48
2.63
2.31
2.72
2.40
2.79
2.69
2.49
2.61
2.82
2.47
2.59
2.64
2.41
2.51
2.63
2.65
2.62
2.62
2.57
2.65
2.52
2.53
2.62
2.70
2.57
2.53
2.81
2.70
2.72
2.71
2.61
2.66
2.67
2.85
2.65
2.85
2.66
2.72
2.98
2.89
2.84
2.79
2.63
2.90
2.76
2.75
2.68
2.69
2.72
2.81
2.93
2.75
2.77
2.70
2.88
2.58
2.76
2.72
2.75
2.58
2.64
2.77
2.75
2.73
2.73
2.73
2.65
2.80
2.52
2.59
2.58
2.71
2.73
2.79
2.63
2.90
2.39
2.80
2.74
2.85
2.70
2.67
2.76
2.60
2.57
2.42
2.64
2.40
2.72
2.73
2.96
2.84
2.68
2.82
2.72
2.87
2.76
2.76
2.75
2.90
2.64
2.63
2.75
2.81
2.95
2.69
2.80
2.79
2.94
2.72
2.66
2.79
2.63
2.76
2.78
2.84
2.82
2.90
2.84
2.96
2.85
2.86
2.78
2.71
2.96
2.92
2.92
2.50
2.87
2.73
2.84
2.77
2.84
2.72
2.80
2.85
2.65
2.95
2.79
2.93
2.84
2.81
2.74
2.90
2.80
2.70
2.73
2.91
