21007.29
23373.86
21714.02
24608.17
25029.82
29232.20
22636.41
37808.88
36599.53
38327.45
33165.42
33256.56
39043.35
32458.39
27307.16
36492.07
35187.87
42960.85
41251.54
37689.54
39104.39
41464.54
39011.18
49135.29
44245.15
46813.82
46422.91
52002.44
38131.50
45129.27
43100.36
46193.34
50988.08
55241.31
55822.17
59697.17
49016.40
48486.63
49694.08
53358.60
53332.16
56623.11
55074.28
52174.41
50392.54
55810.39
46973.77
55241.68
62512.69
49552.51
42909.82
63997.87
50912.52
55401.25
54156.23
54448.50
57510.68
60291.46
58999.73
62429.76
58111.80
70666.83
50245.39
55218.72
58125.68
51950.00
68221.60
40370.66
64034.69
54439.75
57554.77
55972.95
66599.02
48369.11
51646.33
57733.88
67788.11
69404.29
62472.86
69036.74
68388.56
68617.31
75234.00
81981.84
68038.66
70604.20
54596.70
56500.15
71692.63
70348.15
61165.09
64966.26
71040.85
70037.37
66387.91
67549.01
67543.10
61918.44
65904.47
87245.61
57745.45
76660.16
80171.10
62279.64
62049.98
84906.68
82940.75
73933.18
68470.49
71701.36
78199.74
68009.38
70178.46
74272.23
80280.75
64648.73
78317.16
75585.43
65131.87
64084.03
71636.39
78011.58
77791.75
69520.25
76841.66
56740.78
65212.80
63750.45
78814.66
72461.89
66043.83
70783.66
77563.23
75692.16
77268.13
88629.60
84964.56
87693.36
78769.79
91495.11
84257.72
73062.34
81681.36
87818.22
91619.78
77701.68
87680.10
67527.11
80812.93
85832.29
77956.22
87320.49
74572.47
90868.33
94216.22
83023.71
74152.12
88402.03
92606.00
87767.63
86692.59
81543.81
75114.57
73825.22
83626.18
77087.31
65402.58
86662.08
81015.85
91401.14
83692.23
72497.79
75962.88
80452.60
93182.20
98672.56
89350.74
89406.59
77585.89
74490.36
81055.63
82786.10
95811.61
80409.96
92819.23
76237.43
75474.13
80694.34
92902.56
92507.93
67586.93
77903.93
82006.74
85893.48
88957.22
74310.57
83604.43
83279.46
91973.70
97807.54
77303.95
90031.32
100611.63
88082.25
90837.66
92497.96
80205.37
85457.75
84837.26
80313.27
83340.34
75108.40
82167.39
87645.54
87069.89
74345.90
80390.35
88652.62
80505.97
84745.76
85931.42
96636.97
94801.28
97522.25
107801.13
89969.79
102094.99
82280.51
85632.37
90033.48
96255.50
81603.58
90490.54
90620.65
91984.14
81319.93
79409.69
85596.75
85487.06
84525.92
94837.21
80981.14
81547.76
87532.02
90790.05
81363.67
70186.36
86403.49
80219.65
98663.25
83773.13
83536.38
103893.75
85783.48
86587.25
86030.99
84047.76
93525.33
103411.59
88114.94
86969.04
84192.46
85491.57
99954.81
82977.06
95497.58
85521.37
109177.99
93819.84
87235.72
92695.58
87537.95
91758.65
90806.80
93308.49
81603.24
90486.36
101880.53
99341.93
87632.90
94127.97
94729.42
99095.16
76544.20
99802.43
102276.29
69642.38
84221.87
89412.43
98298.95
85607.33
83376.68
84551.67
87468.02
104268.86
99985.85
94865.32
83773.17
84887.61
93756.22
104004.91
108094.51
107885.28
111276.17
83339.12
100425.46
89063.84
88472.74
92646.23
83712.29
82397.33
110882.17
102136.34
93763.94
85874.84
86151.47
80378.74
91300.52
88742.60
85505.11
86184.20
89615.84
93069.61
89689.05
104234.88
88662.91
97912.69
86916.63
97190.38
71858.54
94113.88
91346.50
81763.69
97800.63
97595.95
99538.01
93913.60
97243.35
86024.23
91279.60
95637.19
96833.10
83025.75
94325.52
99776.42
85651.04
91124.50
94485.16
89365.63
95228.17
105725.86
93901.02
85234.31
83214.19
80040.73
90998.32
88979.64
101402.78
88300.25
89773.02
86417.40
106202.49
85719.68
93143.17
97653.44
73513.38
82980.86
92351.29
103555.98
86686.43
94382.92
87073.91
90758.98
87445.56
85367.07
88750.49
96007.51
92910.77
85627.15
101962.91
94232.65
94057.80
87307.58
85902.72
94708.30
104648.01
104161.09
99247.45
118427.86
82500.63
99845.01
118517.95
108412.07
105200.56
98643.36
87136.42
115012.70
105363.82
94297.02
86484.69
95212.85
98388.20
99960.44
108577.67
99072.98
106104.16
97191.63
106807.33
79670.64
103041.89
87386.08
93162.10
83567.33
90769.98
99789.41
101300.74
91042.31
105174.04
94994.41
95498.55
100899.62
87252.38
104850.91
99861.03
84667.33
97761.93
112092.07
91069.66
108882.81
74656.07
115524.00
90362.44
94335.61
96990.04
95406.55
97790.21
77678.85
98582.15
78106.16
114328.57
81361.32
102508.40
99963.89
116887.37
107549.69
102325.23
101354.94
97696.68
113673.81
96727.44
110035.06
96502.34
122141.05
101535.33
92795.64
100567.47
105394.18
100418.46
92321.37
109859.87
114766.75
128378.09
106113.21
91254.81
100810.43
104151.06
100409.31
113145.91
114785.57
106271.12
110918.45
103187.39
119750.66
123446.27
119203.03
103808.17
96571.70
114340.65
108261.20
110923.79
81072.99
113279.22
100025.32
113828.84
100059.29
117745.26
97194.93
107281.73
111086.82
100036.04
119233.40
109727.16
118972.18
105723.44
109683.97
100564.55
111647.89
102875.99
111954.16
107391.47
119683.98
