18575.16
20478.69
18895.82
21435.86
22140.60
25954.04
19586.22
33599.83
31922.82
33331.54
28989.74
29090.56
34044.48
28461.08
23684.33
32052.38
30512.18
37878.79
35314.22
33541.98
33986.25
37093.23
34552.74
43321.38
38307.32
41307.84
41008.50
46056.80
33468.66
39555.66
37469.90
39869.96
44819.34
48408.83
48970.39
52730.42
41912.28
42636.01
43633.54
44698.88
45812.43
49907.20
47828.31
45960.14
43404.80
48434.01
40359.04
48363.56
54895.04
43420.27
36477.31
56084.22
44994.41
48965.97
46892.62
47119.16
50744.19
52482.03
51021.48
55148.70
50387.70
62202.00
43600.76
48104.16
50963.52
45144.53
60215.57
34021.62
53737.65
47429.24
50682.51
49346.87
59200.64
42019.11
44957.24
51095.62
59311.14
61414.09
54588.25
59942.88
59822.20
58524.07
65416.36
70675.99
59271.80
61652.92
47883.40
48661.91
62792.80
60751.45
54119.91
57646.42
62400.69
62033.73
58490.82
59423.18
58620.81
53810.20
56635.12
76176.59
50619.54
65265.54
68841.17
54534.98
54494.23
74903.77
72226.99
63015.57
59246.33
62904.45
67549.30
59089.48
60818.02
63768.91
70388.37
56132.47
69257.36
66092.77
56435.87
52575.30
62676.75
69371.63
67528.70
59253.05
65335.31
47971.14
57581.67
56059.77
69062.46
62608.90
58370.98
60527.80
68043.77
66826.48
66674.25
75485.99
73277.73
76790.71
68852.68
77812.28
73204.54
63801.02
71398.26
75977.04
80308.91
66569.87
76153.61
57020.66
68744.88
73047.35
68634.69
75305.75
64711.59
79265.20
79918.95
72607.88
64414.64
78122.09
78592.73
77026.12
75095.89
71497.48
65979.68
64069.46
73109.85
68074.48
56916.40
75406.53
70534.23
80655.06
73821.35
61547.53
66825.98
69860.93
81393.30
86608.03
78627.95
77854.33
65815.48
63595.59
70052.00
71231.35
83450.56
68995.74
82101.72
65401.71
65245.37
69531.64
81447.60
81284.35
58176.14
66909.83
70540.93
75754.90
77240.57
65481.61
72663.85
72513.32
78686.83
85276.60
65594.22
78097.38
87631.46
72618.42
78703.70
78857.52
70868.05
74978.26
72432.49
69643.17
72817.54
65241.54
70873.48
76646.48
76678.69
64378.61
70425.88
75987.03
70930.23
74413.94
75174.11
85683.98
82621.16
85539.62
94521.28
77249.84
90746.47
73284.82
76310.80
77719.55
83021.95
70414.45
76856.47
79650.91
81334.03
70335.99
67527.97
74949.63
73788.96
71497.22
82073.10
70490.90
71889.10
76230.95
77834.61
70572.95
60323.51
75387.10
68650.07
85810.53
72200.55
71622.97
89994.07
73852.03
74424.95
75689.95
73553.32
82780.39
90843.20
77897.18
76648.74
73582.94
74529.73
87348.67
72145.43
84600.07
75507.98
95449.94
81471.72
75481.86
80212.17
76289.54
78775.61
77708.55
82102.98
71070.13
78331.55
89001.23
87536.77
75970.95
81671.69
84010.23
86420.81
66635.54
87209.53
90091.08
59801.50
72609.52
77222.23
85356.42
74415.17
72832.18
73167.73
75839.24
89265.49
85018.94
82797.07
72031.08
74060.16
80149.81
90420.49
93262.98
92384.62
96858.36
72989.32
89136.70
78473.65
76140.57
80519.97
73017.28
71604.37
97216.61
88018.13
81801.66
75572.12
76017.68
68972.60
80130.00
76506.43
74990.10
73985.93
77573.40
79574.08
77111.00
90628.15
77784.54
84292.98
76281.44
85423.58
62469.26
81781.07
80382.87
70571.82
85802.25
84350.08
87217.55
82645.44
86121.40
74882.99
80383.13
84277.69
83712.54
72293.97
82608.61
85515.11
74944.74
78589.67
83192.47
77192.10
82488.03
91768.15
81127.25
75397.48
71189.79
70386.12
79105.68
77402.86
87436.65
75181.04
77489.60
76360.31
93694.37
73126.10
81370.20
85837.28
62758.54
72585.41
81206.69
89787.72
75820.05
81898.77
75692.34
78815.34
76684.71
72831.91
77925.70
84017.00
80491.15
76275.47
89366.21
82623.23
81793.89
75474.01
75126.56
83101.50
92011.15
90319.26
88051.83
104506.96
71347.74
88279.17
104463.42
93448.64
90721.93
84508.79
75205.66
100617.49
93005.35
81270.79
75101.50
83543.35
86061.45
86830.45
93036.88
86070.86
93452.71
83873.57
93140.95
69790.63
90891.73
76789.99
82647.53
72104.00
79000.52
87850.47
90292.20
76069.48
92999.14
81901.63
84294.75
86747.40
75304.95
90194.11
86304.33
74082.72
86526.65
98186.45
80431.99
95639.65
63918.85
102499.13
79105.35
81148.83
85019.05
82860.87
85571.78
67073.57
85275.31
68756.49
99144.13
70179.84
90996.65
87440.54
100466.93
93962.91
89576.82
87873.03
86900.33
100647.21
84530.63
96532.69
84982.86
107162.92
87655.64
83360.80
88245.47
92096.48
87894.96
81557.23
95952.27
100690.24
112130.82
92190.07
79713.69
88083.58
90462.93
87698.83
96840.74
99689.58
92599.01
97454.00
90285.17
104347.84
108352.22
105861.13
90566.03
83940.90
101046.02
94943.42
96341.18
69191.24
98970.26
88052.75
99634.91
87432.17
102867.38
85021.05
92473.95
97354.20
88088.93
104311.14
96264.44
105205.35
92281.86
95673.64
87460.36
98129.82
89527.51
98769.70
93114.90
105634.25
