29.285714285714
29.285714285714
29.857142857143
29.857142857143
29.857142857143
30.0
31.0
31.428571428571
32.142857142857
32.142857142857
32.285714285714
33.285714285714300
32.714285714286
32.714285714286
32.714285714286
33.285714285714
33.285714285714
32.571428571429
33.428571428571
32.857142857143
33.285714285714
33.142857142857
33.142857142857
34.428571428571
34.0
34.0
34.0
34.0
33.571428571429
34.142857142857
34.142857142857
33.714285714286
34.428571428571
35.142857142857
35.0
35.142857142857100
35.0
34.857142857143
34.714285714286
34.857142857143
34.857142857143
35.0
35.142857142857
34.571428571429
35.285714285714
35.428571428571
35.285714285714
34.571428571429
35.285714285714
35.0
34.857142857143
35.428571428571
35.0
34.857142857143
34.714285714286
35.714285714285700
36.142857142857100
35.571428571429
35.571428571429
35.714285714286
35.714285714286
36.428571428571
35.571428571429
35.571428571429
35.714285714286
36.285714285714
35.857142857143
35.857142857143
36.142857142857
35.571428571429
35.714285714286
35.714285714286
35.857142857143
35.571428571429
35.571428571429
36.714285714286
37.285714285714
36.571428571429
36.571428571429
36.714285714286
36.857142857143
36.857142857143
36.857142857143
36.857142857143
36.857142857143
36.857142857143
37.0
36.571428571429
37.0
37.142857142857
36.714285714286
36.714285714286
37.0
37.142857142857
37.428571428571
37.0
37.428571428571
37.428571428571
37.428571428571
38.428571428571
37.714285714286
38.142857142857100
38.142857142857
37.714285714286
37.714285714286
38.285714285714
38.285714285714
38.285714285714
38.285714285714
37.714285714286
38.428571428571
37.857142857143
38.0
38.142857142857
37.571428571429
38.285714285714
37.714285714286
37.714285714286
38.142857142857
38.428571428571
38.142857142857
38.0
38.0
38.142857142857
38.142857142857
38.428571428571
37.857142857143
37.857142857143
38.428571428571
38.285714285714
38.142857142857
38.428571428571
38.285714285714
38.285714285714
38.714285714286
39.428571428571
39.142857142857100
39.428571428571
39.42857142857140
39.142857142857
38.714285714286
39.428571428571
39.42857142857140
38.857142857142900
39.285714285714
38.857142857143
39.142857142857
39.428571428571
38.714285714286
39.285714285714
39.428571428571
39.0
39.142857142857
39.428571428571
39.428571428571
39.428571428571
38.714285714286
39.285714285714
39.285714285714
39.428571428571
38.857142857143
39.142857142857
39.0
39.285714285714
39.0
38.857142857143
38.571428571429
39.142857142857
39.428571428571
39.142857142857
39.0
39.142857142857
39.142857142857
39.0
39.142857142857
39.0
38.571428571429
39.428571428571
39.142857142857
39.285714285714
39.0
38.857142857143
39.285714285714
39.428571428571
38.857142857143
38.714285714286
40.285714285714
40.142857142857
39.571428571429
40.428571428571
40.0
39.857142857143
39.714285714286
39.857142857142900
40.285714285714
40.0
40.142857142857
40.428571428571
40.285714285714
40.142857142857
40.142857142857
40.0
40.285714285714
40.428571428571
40.285714285714
40.428571428571
39.714285714286
40.428571428571
40.142857142857
39.857142857143
39.571428571429
39.714285714286
40.428571428571
40.0
40.285714285714
40.285714285714
40.428571428571
39.857142857143
40.285714285714
39.857142857143
39.571428571429
40.0
40.142857142857
40.285714285714
40.428571428571
40.428571428571
39.714285714286
39.571428571429
39.571428571429
40.428571428571
39.714285714286
39.714285714286
40.285714285714
39.857142857143
40.428571428571
40.0
40.142857142857
40.142857142857
40.0
40.285714285714
39.857142857143
39.714285714286
40.285714285714
39.571428571429
39.714285714286
40.0
39.571428571429
40.142857142857
40.142857142857
40.0
39.714285714286
39.571428571429
40.285714285714
39.714285714286
40.428571428571
40.0
39.571428571429
39.714285714286
40.428571428571
39.714285714286
40.285714285714
39.571428571429
40.0
41.428571428571
41.285714285714
41.142857142857
40.857142857143
41.0
41.285714285714
41.285714285714
41.285714285714
40.857142857143
41.142857142857
41.0
41.0
41.428571428571
40.571428571429
41.428571428571
40.571428571429
40.571428571429
41.285714285714
41.0
40.857142857143
41.0
41.0
41.142857142857
40.714285714286
41.428571428571
40.714285714286
41.428571428571
41.285714285714
40.571428571429
41.142857142857
41.285714285714
40.571428571429
40.571428571429
40.857142857143
40.571428571429
40.714285714286
40.571428571429
40.714285714286
40.714285714286
41.0
41.0
40.571428571429
40.714285714286
40.857142857143
40.571428571429
40.571428571429
40.571428571429
40.857142857143
41.142857142857
40.857142857143
40.714285714286
40.857142857143
40.714285714286
41.0
40.571428571429
40.571428571429
40.571428571429
40.714285714286
40.714285714286
40.714285714285700
41.285714285714
40.857142857142900
40.714285714286
40.571428571429
40.857142857143
40.857142857143
40.857142857143
41.0
40.857142857143
40.857142857143
40.857142857143
40.857142857143
40.714285714286
40.857142857143
40.857142857143
41.0
40.857142857142900
40.857142857143
40.857142857143
40.857142857143
41.0
40.857142857143
41.142857142857
41.0
41.0
40.857142857143
41.285714285714
40.857142857143
40.857142857143
41.0
41.428571428571
41.0
41.428571428571
41.142857142857
41.428571428571
41.285714285714
41.285714285714
40.857142857143
41.142857142857
41.285714285714
41.142857142857
41.285714285714
41.285714285714
41.142857142857
41.285714285714
41.428571428571
41.428571428571
41.285714285714
41.428571428571
41.428571428571
41.285714285714
41.428571428571
41.571428571429
41.571428571429
42.285714285714
41.571428571429
41.714285714286
41.714285714286
42.142857142857
41.857142857143
41.571428571429
41.571428571429
41.571428571429
42.285714285714
41.857142857143
41.714285714286
42.0
42.285714285714
42.285714285714
42.285714285714300
41.857142857143
42.0
41.714285714286
41.571428571429
42.0
41.571428571429
41.714285714286
42.428571428571
42.428571428571
41.714285714286
41.714285714286
41.714285714286
41.857142857143
42.0
42.0
42.0
42.285714285714
42.428571428571
42.0
41.571428571429
41.714285714286
42.142857142857
42.0
41.857142857143
42.0
41.571428571429
42.285714285714
42.0
41.714285714286
42.285714285714
42.285714285714
42.142857142857
41.571428571429
41.571428571429
42.0
41.857142857143
42.142857142857
41.714285714286
42.0
42.0
41.857142857143
41.571428571429
42.428571428571
41.571428571429
42.0
41.571428571429
41.714285714286
41.714285714286
42.0
41.571428571429
42.428571428571
41.857142857143
41.571428571429
41.571428571429
41.857142857143
42.142857142857
42.0
42.0
42.0
42.0
41.714285714286
41.57142857142860
42.142857142857
41.714285714286
42.571428571429
42.571428571429
43.285714285714
43.428571428571
43.428571428571
42.857142857143
43.142857142857
42.857142857143
42.714285714286
43.285714285714
43.0
43.142857142857
42.857142857143
42.571428571429
43.428571428571
43.428571428571
43.142857142857
42.571428571429
43.0
42.857142857143
43.428571428571
42.571428571429
43.0
42.857142857143
43.0
42.714285714286
42.714285714286
42.714285714286
43.285714285714
42.857142857143
43.142857142857
43.285714285714
43.0
43.285714285714
42.857142857143
43.285714285714
43.0
43.0
42.571428571429
42.571428571429
43.285714285714
43.142857142857
42.714285714286
43.428571428571
