1.520
1.759
1.596
2.084
1.824
1.907
1.909
3.047
2.566
2.692
2.566
2.572
2.934
2.468
2.395
2.807
2.684
3.024
2.999
2.698
2.711
3.269
2.896
3.552
3.241
3.121
3.249
3.580
2.976
3.332
3.005
3.363
3.745
3.751
4.142
3.940
3.499
3.540
3.312
3.635
3.467
3.662
3.697
3.211
3.672
3.907
3.771
3.561
4.083
3.644
3.499
3.672
3.366
3.774
3.603
3.581
4.306
4.121
3.588
4.243
4.033
4.281
4.014
4.028
4.000
3.569
3.990
3.224
3.907
3.767
3.630
3.902
4.198
3.350
3.506
4.062
4.558
4.312
3.939
4.371
4.555
4.094
4.271
4.486
4.293
4.517
3.899
3.770
4.638
4.343
4.267
4.041
4.809
4.375
4.280
4.359
4.217
4.111
4.411
5.082
4.161
4.575
4.570
4.497
4.571
4.768
4.646
4.285
4.347
4.299
4.639
4.374
4.287
4.829
4.765
4.236
4.814
4.524
4.135
4.145
4.251
4.717
5.215
4.141
4.201
4.106
4.166
4.117
4.737
4.360
4.564
4.571
4.374
4.297
4.680
4.857
4.967
4.937
4.591
4.823
4.914
4.586
5.162
5.125
5.246
4.674
4.890
4.753
4.763
4.783
4.747
4.763
4.570
5.206
5.026
5.136
4.527
4.904
5.165
4.855
4.929
5.004
4.575
5.063
4.977
5.042
4.338
4.858
4.882
4.784
5.020
4.745
4.704
4.776
4.975
5.153
4.974
5.221
4.664
4.524
4.412
4.563
5.248
4.650
5.049
4.617
4.754
4.863
5.083
5.380
4.459
4.801
4.718
4.892
5.069
4.618
4.918
5.112
5.184
5.031
4.791
5.025
5.397
4.962
5.283
4.940
4.990
5.151
4.772
4.920
4.846
4.564
5.129
4.862
5.231
4.728
4.833
4.476
4.918
4.931
4.811
5.367
5.239
5.304
5.450
5.046
5.301
4.920
4.705
4.888
5.506
4.766
4.908
5.154
4.813
4.629
4.665
5.139
5.062
4.884
5.189
4.960
5.007
5.067
5.021
4.620
5.123
4.966
4.768
5.524
4.792
5.309
5.478
4.966
5.220
5.112
5.018
5.135
5.027
4.670
5.156
4.865
4.904
5.049
4.871
5.380
4.857
5.465
5.147
4.955
5.745
5.229
5.040
5.186
5.351
5.219
5.313
5.415
5.530
5.265
5.209
5.293
5.341
4.845
5.522
5.782
4.361
4.983
5.357
5.357
5.367
4.858
5.125
5.164
5.286
5.165
5.207
5.066
5.048
5.170
5.528
5.346
5.426
5.552
5.028
5.223
5.315
5.116
5.175
5.048
5.202
5.437
5.388
5.055
5.164
5.010
4.814
5.032
5.054
5.232
5.166
5.589
5.071
4.848
5.298
5.261
5.392
5.179
5.477
4.866
5.052
5.248
4.934
5.167
5.435
5.265
5.060
5.390
5.296
5.431
5.301
5.194
4.944
5.174
5.077
4.932
5.571
5.352
4.801
5.147
5.442
5.229
5.205
4.718
4.817
4.985
5.138
5.232
4.867
4.931
5.035
5.852
5.083
5.664
5.176
4.665
4.942
5.049
5.675
5.270
5.370
5.088
5.148
5.037
4.829
5.220
5.348
5.341
5.030
5.580
5.347
5.509
5.274
5.180
5.480
5.431
5.469
5.356
5.411
5.252
5.547
5.918
5.578
5.264
5.317
5.292
5.781
5.432
5.291
5.040
5.532
5.630
5.583
5.572
5.440
5.663
5.745
5.707
4.951
5.642
5.291
5.653
5.113
5.223
5.624
5.609
5.197
5.808
5.335
5.516
5.355
5.368
5.471
5.333
5.280
5.638
6.143
5.240
5.699
4.739
5.732
5.439
5.329
5.337
5.145
5.468
4.877
5.288
5.019
5.671
4.956
5.716
5.642
5.595
5.623
5.311
5.576
5.528
5.773
5.464
5.311
5.585
5.930
5.032
5.153
5.733
5.444
5.752
5.414
5.748
5.878
6.328
5.617
5.372
5.479
5.353
5.683
5.758
5.986
5.986
5.925
5.870
5.827
5.899
5.848
5.833
5.597
5.980
6.072
5.827
5.170
5.923
5.668
6.018
5.494
6.275
5.410
5.553
5.712
5.612
6.102
5.721
6.080
5.608
5.780
5.479
5.759
5.449
5.938
5.551
5.884
