3.18
3.34
3.20
3.61
3.66
3.70
3.78
4.86
4.46
4.59
4.60
4.62
4.83
4.71
4.64
4.72
4.75
4.82
4.83
4.83
4.83
4.93
4.94
5.70
5.60
5.45
5.41
5.48
5.45
5.44
5.38
5.39
5.44
5.88
6.20
6.15
6.03
5.96
5.85
5.82
5.77
5.78
5.78
5.73
5.73
5.75
5.75
5.75
5.78
5.79
5.78
5.77
5.75
5.76
5.76
5.60
6.09
6.14
6.00
6.10
6.10
6.15
6.15
6.12
6.12
6.08
6.08
6.03
6.01
6.01
5.98
5.99
6.01
5.98
5.96
6.20
6.45
6.46
6.33
6.36
6.41
6.35
6.34
6.34
6.34
6.35
6.34
6.32
6.35
6.35
6.35
6.35
6.38
6.39
6.38
6.39
6.38
6.37
6.38
7.13
6.76
6.64
6.57
6.58
6.60
6.63
6.64
6.59
6.58
6.56
6.57
6.57
6.55
6.58
6.60
6.59
6.61
6.60
6.58
6.57
6.56
6.57
6.60
6.58
6.56
6.54
6.53
6.52
6.53
6.53
6.53
6.53
6.53
6.53
6.70
6.74
6.84
6.87
6.82
6.79
6.82
6.81
6.86
6.89
6.93
6.91
6.91
6.90
6.89
6.88
6.88
6.88
6.86
6.89
6.90
6.91
6.89
6.90
6.91
6.91
6.91
6.92
6.91
6.91
6.92
6.92
6.91
6.91
6.91
6.90
6.91
6.91
6.90
6.90
6.91
6.91
6.92
6.93
6.92
6.92
6.91
6.90
6.91
6.91
6.91
6.91
6.80
6.78
6.90
7.05
6.95
6.92
6.91
6.90
6.94
6.91
6.91
6.94
6.95
6.96
6.96
6.96
6.99
6.98
7.00
6.99
7.00
7.01
7.00
7.00
7.00
6.98
6.99
6.98
7.00
6.99
6.99
6.97
6.97
6.97
6.96
6.98
6.99
7.00
7.02
7.02
7.03
7.04
7.03
7.03
7.04
7.03
7.03
7.03
7.02
7.02
7.01
7.01
7.01
7.01
7.01
7.01
7.01
7.01
7.01
7.01
7.01
7.01
7.01
7.02
7.02
7.02
7.03
7.03
7.03
7.03
7.03
7.04
7.04
7.03
7.04
7.04
7.04
7.14
7.03
7.16
7.11
7.19
7.18
7.16
7.25
7.23
7.22
7.20
7.22
7.24
7.25
7.27
7.31
7.30
7.30
7.31
7.31
7.29
7.30
7.33
7.31
7.30
7.30
7.30
7.31
7.29
7.29
7.28
7.28
7.28
7.27
7.27
7.26
7.26
7.27
7.28
7.28
7.30
7.29
7.29
7.30
7.30
7.29
7.29
7.29
7.29
7.29
7.29
7.29
7.28
7.28
7.27
7.27
7.27
7.27
7.28
7.27
7.26
7.27
7.27
7.27
7.27
7.27
7.27
7.26
7.26
7.26
7.26
7.26
7.26
7.26
7.26
7.26
7.26
7.26
7.26
7.26
7.26
7.26
7.25
7.26
7.26
7.25
7.25
7.25
7.25
7.25
7.25
7.25
7.24
7.25
7.24
7.24
7.24
7.24
7.24
7.24
7.25
7.25
7.24
7.24
7.24
7.25
7.25
7.25
7.25
7.25
7.25
7.24
7.29
7.30
7.35
7.30
7.35
7.34
7.37
7.36
7.34
7.36
7.37
7.37
7.38
7.39
7.38
7.39
7.43
7.44
7.43
7.42
7.41
7.44
7.44
7.43
7.42
7.42
7.43
7.44
7.45
7.44
7.45
7.47
7.47
7.46
7.47
7.47
7.47
7.46
7.46
7.46
7.47
7.46
7.47
7.47
7.47
7.47
7.47
7.47
7.47
7.47
7.47
7.49
7.48
7.49
7.48
7.48
7.48
7.48
7.48
7.47
7.48
7.47
7.47
7.47
7.47
7.47
7.47
7.48
7.48
7.48
7.48
7.48
7.48
7.49
7.49
7.49
7.49
7.50
7.49
7.49
7.49
7.49
7.65
7.54
7.68
7.76
7.93
7.90
7.84
7.80
7.75
7.75
7.76
7.79
7.81
7.82
7.83
7.83
7.85
7.85
7.85
7.84
7.85
7.86
7.86
7.85
7.85
7.85
7.85
7.84
7.86
7.85
7.84
7.84
7.83
7.84
7.84
7.85
7.85
7.85
7.84
7.84
7.83
7.84
7.83
7.83
