0.87
0.96
1.00
1.12
1.09
1.12
1.16
1.55
1.62
1.65
1.61
1.54
1.70
1.63
1.59
1.61
1.60
1.64
1.68
1.66
1.67
1.69
1.69
2.13
2.07
2.02
2.01
2.07
2.03
2.03
2.01
2.03
2.07
2.29
2.43
2.46
2.41
2.38
2.33
2.34
2.33
2.31
2.31
2.28
2.29
2.30
2.31
2.30
2.33
2.32
2.32
2.32
2.31
2.31
2.31
2.24
2.46
2.53
2.48
2.52
2.53
2.56
2.56
2.57
2.57
2.54
2.54
2.51
2.52
2.51
2.50
2.50
2.50
2.49
2.48
2.53
2.77
2.74
2.68
2.72
2.76
2.76
2.77
2.82
2.82
2.84
2.81
2.78
2.79
2.80
2.79
2.78
2.80
2.80
2.80
2.80
2.80
2.79
2.80
3.34
3.03
3.03
3.05
3.02
3.00
3.02
3.02
3.01
3.00
2.97
2.98
2.95
2.93
2.95
2.97
2.95
2.96
2.97
2.95
2.94
2.92
2.93
2.96
2.95
2.94
2.94
2.93
2.92
2.92
2.92
2.92
2.92
2.92
2.91
3.08
3.23
3.23
3.23
3.19
3.22
3.22
3.19
3.20
3.22
3.24
3.23
3.24
3.23
3.23
3.24
3.22
3.22
3.21
3.22
3.23
3.24
3.24
3.23
3.24
3.24
3.24
3.25
3.24
3.24
3.24
3.25
3.24
3.24
3.24
3.23
3.24
3.23
3.23
3.22
3.22
3.23
3.23
3.24
3.23
3.23
3.22
3.21
3.22
3.21
3.22
3.21
3.05
3.18
3.23
3.32
3.24
3.23
3.20
3.19
3.20
3.18
3.18
3.19
3.22
3.24
3.23
3.24
3.26
3.28
3.30
3.30
3.30
3.30
3.30
3.29
3.29
3.28
3.28
3.28
3.29
3.28
3.28
3.26
3.27
3.27
3.26
3.27
3.27
3.28
3.29
3.29
3.30
3.29
3.29
3.29
3.30
3.30
3.30
3.30
3.30
3.29
3.29
3.29
3.29
3.29
3.30
3.30
3.30
3.30
3.30
3.30
3.30
3.30
3.29
3.30
3.30
3.30
3.31
3.31
3.31
3.31
3.31
3.31
3.31
3.31
3.31
3.31
3.30
3.22
3.19
3.33
3.26
3.37
3.37
3.35
3.40
3.41
3.41
3.43
3.44
3.43
3.44
3.44
3.45
3.45
3.45
3.45
3.45
3.44
3.46
3.48
3.46
3.45
3.46
3.47
3.47
3.45
3.45
3.45
3.46
3.46
3.46
3.46
3.45
3.46
3.46
3.46
3.47
3.47
3.47
3.47
3.47
3.46
3.46
3.46
3.46
3.47
3.47
3.47
3.46
3.46
3.46
3.46
3.46
3.45
3.45
3.46
3.46
3.46
3.46
3.46
3.46
3.46
3.46
3.46
3.46
3.46
3.46
3.46
3.46
3.46
3.46
3.46
3.46
3.47
3.47
3.47
3.46
3.46
3.46
3.46
3.46
3.47
3.46
3.46
3.47
3.47
3.47
3.46
3.46
3.46
3.46
3.46
3.46
3.46
3.45
3.46
3.46
3.46
3.46
3.46
3.45
3.45
3.46
3.46
3.46
3.46
3.46
3.45
3.45
3.41
3.48
3.47
3.43
3.50
3.52
3.54
3.54
3.52
3.54
3.54
3.56
3.55
3.56
3.56
3.56
3.60
3.61
3.61
3.61
3.61
3.63
3.63
3.62
3.62
3.62
3.62
3.63
3.64
3.65
3.65
3.66
3.66
3.65
3.65
3.65
3.65
3.65
3.64
3.64
3.65
3.65
3.65
3.65
3.65
3.66
3.65
3.65
3.65
3.65
3.65
3.66
3.66
3.66
3.65
3.66
3.66
3.66
3.65
3.65
3.65
3.64
3.64
3.63
3.64
3.63
3.63
3.64
3.64
3.64
3.64
3.64
3.64
3.65
3.65
3.64
3.65
3.65
3.65
3.64
3.65
3.65
3.97
3.79
3.80
3.83
3.93
3.90
3.86
3.83
3.80
3.79
3.79
3.81
3.82
3.84
3.84
3.85
3.86
3.86
3.86
3.86
3.87
3.88
3.88
3.86
3.87
3.87
3.88
3.87
3.89
3.87
3.87
3.87
3.86
3.87
3.87
3.88
3.88
3.87
3.87
3.87
3.87
3.87
3.86
3.87
