 0.209
 0.208
 0.200
 0.184
 0.196
 0.216
 0.200
 0.151
 0.169
 0.172
 0.166
 0.170
 0.153
 0.173
 0.160
 0.154
 0.161
 0.138
 0.141
 0.157
 0.163
 0.137
 0.151
 0.124
 0.147
 0.138
 0.131
 0.135
 0.163
 0.136
 0.143
 0.146
 0.138
 0.115
 0.118
 0.123
 0.137
 0.133
 0.131
 0.146
 0.132
 0.114
 0.120
 0.138
 0.137
 0.120
 0.128
 0.128
 0.126
 0.124
 0.155
 0.123
 0.136
 0.128
 0.127
 0.127
 0.101
 0.123
 0.129
 0.123
 0.130
 0.107
 0.125
 0.121
 0.116
 0.126
 0.110
 0.151
 0.126
 0.128
 0.122
 0.120
 0.109
 0.126
 0.123
 0.108
 0.105
 0.101
 0.106
 0.115
 0.105
 0.121
 0.111
 0.120
 0.109
 0.107
 0.126
 0.122
 0.104
 0.117
 0.119
 0.110
 0.101
 0.095
 0.120
 0.117
 0.111
 0.116
 0.117
 0.088
 0.104
 0.107
 0.103
 0.107
 0.106
 0.087
 0.103
 0.117
 0.116
 0.116
 0.097
 0.092
 0.094
 0.102
 0.103
 0.104
 0.099
 0.097
 0.101
 0.131
 0.106
 0.081
 0.110
 0.118
 0.114
 0.111
 0.105
 0.112
 0.099
 0.108
 0.092
 0.100
 0.102
 0.100
 0.104
 0.104
 0.091
 0.086
 0.100
 0.106
 0.105
 0.097
 0.083
 0.087
 0.072
 0.099
 0.104
 0.098
 0.107
 0.098
 0.093
 0.102
 0.099
 0.093
 0.111
 0.091
 0.107
 0.087
 0.078
 0.084
 0.111
 0.099
 0.100
 0.096
 0.100
 0.092
 0.097
 0.096
 0.108
 0.092
 0.093
 0.097
 0.084
 0.091
 0.106
 0.090
 0.094
 0.083
 0.091
 0.107
 0.101
 0.108
 0.091
 0.095
 0.086
 0.109
 0.088
 0.099
 0.086
 0.086
 0.082
 0.087
 0.092
 0.075
 0.085
 0.082
 0.086
 0.088
 0.088
 0.100
 0.121
 0.090
 0.085
 0.126
 0.089
 0.101
 0.105
 0.079
 0.101
 0.089
 0.107
 0.094
 0.091
 0.084
 0.083
 0.089
 0.093
 0.114
 0.097
 0.081
 0.087
 0.082
 0.095
 0.073
 0.066
 0.096
 0.075
 0.097
 0.090
 0.098
 0.094
 0.103
 0.108
 0.088
 0.088
 0.098
 0.102
 0.088
 0.101
 0.081
 0.093
 0.096
 0.082
 0.101
 0.105
 0.094
 0.094
 0.085
 0.096
 0.070
 0.091
 0.099
 0.088
 0.090
 0.082
 0.088
 0.096
 0.092
 0.082
 0.094
 0.077
 0.097
 0.088
 0.072
 0.090
 0.079
 0.083
 0.081
 0.085
 0.087
 0.062
 0.085
 0.105
 0.097
 0.077
 0.076
 0.073
 0.072
 0.061
 0.085
 0.079
 0.083
 0.088
 0.093
 0.085
 0.072
 0.103
 0.091
 0.095
 0.091
 0.088
 0.072
 0.088
 0.088
 0.101
 0.102
 0.079
 0.082
 0.081
 0.095
 0.075
 0.089
 0.099
 0.081
 0.080
 0.082
 0.092
 0.097
 0.089
 0.088
 0.077
 0.076
 0.078
 0.085
 0.081
 0.083
 0.107
 0.073
 0.088
 0.090
 0.079
 0.090
 0.088
 0.094
 0.087
 0.079
 0.093
 0.077
 0.075
 0.075
 0.096
 0.091
 0.088
 0.089
 0.080
 0.079
 0.088
 0.085
 0.086
 0.083
 0.077
 0.091
 0.089
 0.078
 0.098
 0.098
 0.085
 0.074
 0.081
 0.093
 0.087
 0.101
 0.081
 0.097
 0.102
 0.098
 0.080
 0.094
 0.109
 0.084
 0.081
 0.086
 0.101
 0.077
 0.088
 0.095
 0.088
 0.088
 0.070
 0.088
 0.086
 0.090
 0.083
 0.081
 0.105
 0.084
 0.074
 0.070
 0.082
 0.079
 0.087
 0.080
 0.074
 0.080
 0.086
 0.077
 0.068
 0.065
 0.083
 0.079
 0.069
 0.075
 0.070
 0.088
 0.082
 0.082
 0.068
 0.080
 0.088
 0.086
 0.073
 0.074
 0.088
 0.091
 0.097
 0.075
 0.080
 0.073
 0.080
 0.068
 0.077
 0.079
 0.084
 0.076
 0.077
 0.082
 0.106
 0.070
 0.085
 0.089
 0.090
 0.090
 0.074
 0.076
 0.085
 0.074
 0.086
 0.070
 0.084
 0.105
 0.071
 0.076
 0.076
 0.072
 0.085
 0.083
 0.085
 0.083
 0.088
 0.082
 0.103
 0.080
 0.082
 0.082
 0.071
 0.078
 0.089
 0.078
 0.071
 0.086
 0.084
 0.082
 0.082
 0.084
 0.083
 0.083
 0.083
 0.074
 0.079
 0.074
 0.065
 0.058
 0.071
 0.067
 0.068
 0.073
 0.062
 0.062
 0.067
 0.071
 0.070
 0.077
 0.079
 0.063
 0.063
 0.074
 0.066
 0.066
 0.072
 0.070
 0.098
 0.070
 0.072
 0.064
 0.074
 0.061
 0.073
 0.076
 0.077
 0.076
 0.071
 0.074
 0.064
 0.081
 0.066
 0.087
 0.073
 0.071
 0.060
 0.075
 0.068
