 0.184
 0.162
 0.153
 0.124
 0.158
 0.165
 0.151
 0.091
 0.100
 0.095
 0.107
 0.100
 0.082
 0.110
 0.097
 0.086
 0.087
 0.080
 0.060
 0.103
 0.087
 0.083
 0.090
 0.058
 0.078
 0.076
 0.067
 0.071
 0.095
 0.073
 0.071
 0.065
 0.066
 0.045
 0.057
 0.049
 0.046
 0.062
 0.059
 0.052
 0.051
 0.040
 0.038
 0.061
 0.057
 0.037
 0.056
 0.055
 0.045
 0.057
 0.070
 0.046
 0.070
 0.054
 0.052
 0.049
 0.041
 0.044
 0.042
 0.048
 0.046
 0.030
 0.050
 0.039
 0.036
 0.045
 0.032
 0.056
 0.037
 0.047
 0.044
 0.046
 0.044
 0.046
 0.048
 0.042
 0.030
 0.030
 0.030
 0.035
 0.025
 0.033
 0.025
 0.028
 0.029
 0.022
 0.053
 0.047
 0.030
 0.027
 0.049
 0.044
 0.025
 0.025
 0.042
 0.038
 0.035
 0.035
 0.030
 0.012
 0.028
 0.024
 0.015
 0.035
 0.034
 0.010
 0.026
 0.029
 0.036
 0.037
 0.024
 0.019
 0.019
 0.029
 0.020
 0.035
 0.028
 0.021
 0.030
 0.033
 0.033
 0.012
 0.030
 0.024
 0.019
 0.025
 0.032
 0.036
 0.017
 0.023
 0.022
 0.022
 0.023
 0.025
 0.023
 0.019
 0.012
 0.011
 0.022
 0.012
 0.021
 0.019
 0.011
 0.011
 0.005
 0.011
 0.017
 0.022
 0.012
 0.019
 0.021
 0.016
 0.021
 0.014
 0.015
 0.015
 0.023
 0.014
 0.005
 0.009
 0.020
 0.025
 0.019
 0.026
 0.017
 0.016
 0.019
 0.018
 0.018
 0.006
 0.014
 0.027
 0.013
 0.015
 0.018
 0.008
 0.017
 0.014
 0.023
 0.024
 0.017
 0.017
 0.010
 0.011
 0.019
 0.023
 0.013
 0.015
 0.011
 0.005
 0.007
 0.012
 0.014
 0.004
 0.013
 0.007
 0.011
 0.013
 0.004
 0.011
 0.027
 0.007
 0.008
 0.028
 0.008
 0.010
 0.023
 0.006
 0.009
 0.019
 0.026
 0.012
 0.006
 0.005
 0.014
 0.016
 0.007
 0.022
 0.012
 0.011
 0.008
 0.012
 0.014
 0.002
 0.001
 0.013
 0.011
 0.029
 0.023
 0.006
 0.014
 0.020
 0.014
 0.010
 0.011
 0.015
 0.017
 0.012
 0.015
 0.007
 0.007
 0.018
 0.008
 0.018
 0.017
 0.015
 0.018
 0.013
 0.022
 0.008
 0.006
 0.019
 0.003
 0.013
 0.003
 0.012
 0.018
 0.016
 0.006
 0.013
 0.010
 0.019
 0.014
 0.001
 0.014
 0.001
 0.007
-0.007
 0.009
 0.008
 0.004
 0.007
 0.009
 0.007
 0.003
 0.012
 0.001
 0.002
 0.007
 0.005
 0.003
 0.018
 0.006
 0.010
 0.007
 0.005
 0.019
 0.009
 0.007
 0.009
 0.010
 0.005
 0.017
 0.010
 0.004
 0.012
 0.001
 0.013
 0.004
 0.009
 0.004
 0.006
 0.007
 0.011
 0.009
 0.008
 0.017
 0.015
 0.009
 0.007
 0.004
-0.005
 0.006
 0.005
 0.008
 0.013
 0.013
-0.002
 0.006
 0.010
 0.002
 0.009
 0.007
 0.008
 0.004
 0.007
 0.009
 0.008
 0.001
 0.013
 0.014
 0.010
 0.005
 0.005
-0.001
 0.002
 0.013
 0.007
 0.001
 0.010
 0.008
 0.008
 0.012
 0.003
 0.006
 0.017
 0.006
-0.000
 0.006
 0.009
 0.008
 0.013
 0.011
 0.015
 0.026
 0.014
 0.009
 0.011
 0.013
 0.003
 0.005
 0.012
 0.017
 0.005
 0.011
 0.011
 0.003
 0.011
 0.002
 0.008
 0.009
 0.009
 0.006
 0.010
 0.016
 0.009
 0.004
-0.003
 0.008
 0.003
 0.008
 0.002
-0.001
 0.008
 0.007
 0.000
-0.006
 0.003
 0.010
 0.002
-0.001
 0.006
-0.004
 0.004
-0.004
 0.006
-0.006
 0.005
 0.005
 0.003
-0.002
 0.004
 0.002
-0.001
 0.007
 0.000
 0.009
 0.003
-0.001
-0.006
 0.002
 0.002
 0.005
 0.000
 0.002
 0.005
 0.018
-0.000
 0.001
 0.013
 0.007
 0.012
 0.005
 0.002
 0.011
 0.006
 0.005
 0.002
 0.001
 0.016
 0.001
-0.003
-0.008
-0.000
 0.006
 0.002
 0.009
 0.004
 0.013
 0.007
 0.021
 0.007
 0.015
-0.000
-0.002
 0.005
 0.004
 0.011
 0.000
 0.001
 0.013
 0.003
 0.008
 0.004
-0.002
 0.003
-0.004
-0.005
 0.006
 0.003
-0.002
-0.006
 0.001
-0.001
-0.000
-0.003
-0.001
-0.008
-0.006
 0.002
-0.003
 0.006
 0.003
-0.004
-0.006
-0.003
-0.010
-0.005
-0.002
-0.002
 0.012
-0.002
 0.003
-0.006
-0.001
-0.003
 0.001
-0.004
-0.001
 0.001
-0.007
 0.004
-0.005
 0.006
-0.003
 0.010
 0.003
 0.003
-0.003
 0.001
-0.000
