117177.297
133752.944
121311.117
118817.740
141528.427
172906.746
120671.337
175451.412
181261.195
181704.569
157800.174
152819.963
168546.735
159149.322
128499.092
177373.393
165828.888
201558.689
167950.274
186488.749
183094.071
188369.093
182773.815
203714.009
189720.827
202800.091
194346.448
239371.429
177021.812
193664.657
193510.446
193225.656
202846.200
227173.360
239442.512
236632.707
191546.488
202753.879
212828.593
216204.218
211938.612
220875.652
210421.807
223682.812
188357.911
207616.535
190835.772
232135.286
235728.185
222005.202
174814.408
266285.683
229758.595
235399.611
219077.283
224256.643
234886.915
244450.574
235463.847
243430.341
213959.253
275182.842
192072.855
191332.507
219151.869
194784.978
269538.448
155887.470
238621.068
214148.724
227788.666
224196.092
272621.881
187783.146
198080.789
229167.413
231232.896
286779.612
228467.628
250821.746
238352.117
244269.318
274892.937
283968.409
262926.694
237722.640
226543.902
227085.035
255383.159
258518.038
241838.856
247966.156
257118.687
255052.906
242329.704
247170.198
251803.431
216629.651
234742.436
285198.000
204189.338
268476.734
279037.810
236937.149
235122.115
279899.651
294051.505
261318.912
246165.086
280893.100
279024.476
245602.490
246432.955
265814.482
276018.260
241306.594
280114.164
262132.752
243276.254
217793.924
287377.062
261907.910
273153.507
234018.483
257776.378
185208.673
240694.690
238832.848
271074.919
254549.380
232211.029
233866.294
278473.293
273843.319
259582.487
313180.367
282598.026
294690.643
277915.116
298963.428
291002.890
249189.525
267652.516
284592.058
296693.230
256511.933
289757.816
216658.966
264088.447
282089.829
277396.202
303321.743
254817.194
318455.557
307887.176
269344.577
260094.711
302403.607
310517.164
288706.957
288409.101
262955.479
270176.174
246688.461
270449.363
244070.599
222733.724
288271.583
267493.188
313605.915
286460.969
253317.818
275240.456
268586.258
325198.933
325757.374
311972.663
322547.875
267600.823
265538.778
280067.067
282172.501
310059.940
277399.961
335948.719
256908.113
246295.474
267671.168
296697.775
275263.107
213665.626
239794.669
293748.321
293790.640
289438.455
240893.367
267174.597
279729.880
281248.418
329496.394
259971.133
292759.733
335272.610
300995.229
281047.102
321241.831
271029.739
293389.261
269630.287
267046.441
284015.028
248745.123
246277.813
292883.124
310566.418
248741.397
265400.728
305450.771
252712.709
280749.482
302222.474
332370.746
302559.358
320420.557
377230.755
308148.505
356640.051
296337.806
298760.118
284679.239
295802.266
256679.359
286469.059
306846.365
311639.478
274520.441
263726.209
272146.790
278341.546
271734.073
303370.360
269377.350
251010.513
276297.291
301773.806
278563.231
235041.178
304387.771
265426.490
327203.661
263171.302
256621.722
319342.455
271259.891
262995.868
293057.781
287038.241
342213.976
353926.524
312995.331
299837.531
296291.440
295722.744
362473.754
280926.609
304518.219
289402.776
349587.047
294009.573
295046.062
313727.921
271843.048
305573.281
278273.165
310386.068
272739.549
275198.949
350969.991
346453.301
266770.673
300372.206
338252.237
315313.544
248146.462
296185.086
325611.432
246750.706
270904.320
283441.945
294681.149
285090.107
271028.432
271140.957
279177.443
333323.835
326789.482
293947.202
272229.162
273175.542
300228.201
349749.529
361219.124
354134.523
380478.568
268750.144
322272.319
297628.997
298600.275
293129.387
265548.293
263213.833
375603.038
339286.472
304328.426
275050.135
282358.033
244858.454
297064.227
282977.017
289567.539
283417.178
282391.963
298156.179
285643.161
338614.011
273827.253
303005.826
267704.913
318080.087
234274.408
308051.808
290361.491
238927.944
306631.124
306058.607
319241.774
299838.465
306637.777
248050.020
298884.261
302931.411
319760.743
275893.252
292523.530
312427.583
295993.772
263704.106
299162.327
294854.426
300582.997
325781.887
303026.451
291551.839
273352.215
293368.657
290838.159
316892.251
316715.500
291628.544
295364.042
277896.136
330623.227
290921.414
312423.297
321526.993
233102.667
277533.108
300185.406
341424.131
278119.124
304994.181
283413.415
293251.161
289344.052
288868.170
285221.788
297689.165
313497.779
289561.271
313807.891
295989.489
284916.888
266346.640
269984.792
304557.069
345427.321
318726.750
327180.082
374406.169
247484.866
316238.130
355610.593
327148.442
328240.816
297248.374
272604.951
360259.296
335803.602
287972.640
260776.594
292734.445
310373.987
300905.409
327681.460
315057.117
335860.330
309613.539
314769.616
251089.077
323051.133
259350.018
286050.413
268340.238
282215.001
307023.852
318573.050
285864.925
348344.912
287958.063
312368.263
318431.561
279731.240
359684.110
337866.197
250250.517
304043.040
355945.167
291563.970
319723.646
248346.569
375619.773
275916.087
272351.404
316756.153
306365.528
300420.139
239071.241
334671.870
271978.114
390263.646
279006.796
333542.728
312940.262
346380.253
326509.083
335182.893
302210.187
307778.176
357251.663
290561.564
351972.567
294612.687
391194.487
333783.190
316547.982
314283.162
321641.724
286175.373
289300.096
347876.500
364301.173
403560.442
344033.216
285664.141
303189.033
349486.779
314658.330
356852.427
367781.759
324346.310
334490.538
314585.131
363512.344
409195.559
372416.822
328845.830
307077.426
341984.901
316460.932
325565.828
250516.174
348717.942
317744.028
357386.647
305077.992
383644.596
307846.328
329054.901
343212.244
328627.470
355315.957
340091.604
369631.725
327085.900
345619.540
314553.175
339530.754
313914.045
380237.228
357666.455
369832.787
