95011.001
107489.080
96913.932
91932.241
112841.761
141620.763
94720.275
135008.149
144223.037
142024.813
123470.366
118557.230
128414.823
125820.929
97023.098
136265.491
125758.707
156036.263
125791.230
147122.856
142551.897
140924.978
141847.991
151557.132
143813.035
154615.941
145945.846
185022.756
135867.700
145568.337
147676.423
144990.703
150814.122
167391.359
173126.858
174928.841
141113.303
151438.974
162204.811
162212.096
160419.747
161942.782
153210.461
171505.820
138865.471
149115.441
137845.558
174014.377
171665.842
165673.216
128873.968
200822.917
177381.316
176220.570
163143.731
167105.161
167333.116
177979.632
174976.949
176421.512
156387.476
198797.263
137700.100
137916.009
157256.803
143508.125
196367.078
113401.366
172893.814
158073.016
168859.127
165520.029
202303.294
141656.163
148013.407
164429.511
162713.902
206191.604
164000.764
181950.566
166611.658
175441.113
197670.865
202595.997
191986.433
165995.704
164948.158
165704.345
177402.036
185625.198
175135.971
180955.929
179326.049
182182.114
173962.251
176780.985
181916.632
156117.607
166433.636
193591.625
144736.610
186521.653
195336.102
168029.590
166614.290
191901.705
210338.584
186511.845
178167.006
205195.337
196166.053
173674.672
174134.935
183566.344
194209.481
173454.541
197294.492
185169.630
175236.457
153568.753
210826.699
178807.241
189860.588
165799.203
181038.396
128459.780
174930.869
173864.874
187183.292
179558.892
158925.165
161261.929
196352.463
193353.842
180052.746
220475.306
191290.395
200663.677
199036.984
207017.123
202631.985
171234.287
177864.466
191790.087
194503.374
176284.009
201143.679
145204.684
179513.098
197748.457
192901.218
211449.419
175965.102
217723.985
209931.448
182702.834
183164.536
209148.103
206935.333
198031.838
200283.467
181368.725
190558.157
164604.431
185337.028
160939.599
155765.333
198532.868
182088.463
216610.078
197556.659
172913.806
188891.630
186222.836
228941.997
220773.082
217974.310
218147.366
186233.997
186802.352
193648.768
198287.060
204733.740
193573.751
233365.877
178305.364
167214.477
182491.084
202740.828
180648.759
143995.607
159045.698
203528.150
201903.649
193944.430
160979.906
179743.924
190002.845
188301.470
230068.703
180205.848
198954.748
224234.530
203647.318
184408.574
216290.926
184941.351
198360.544
182315.729
180879.812
198978.747
173190.207
159945.579
198401.579
211273.078
167039.710
181171.212
215357.529
169772.898
191829.822
205741.258
222137.364
205689.622
210567.982
255362.894
213613.013
243023.915
205952.527
208411.565
194854.792
195550.640
178080.589
196883.689
207415.293
216930.151
191431.191
181570.651
180060.550
190140.002
180281.897
207372.093
184225.008
167754.695
187146.282
205746.222
193751.583
156256.187
208286.655
174671.242
210772.918
181132.349
170109.709
211883.979
181225.587
171299.350
198298.992
196961.781
237433.438
245089.735
219340.081
195195.963
203184.164
202023.952
251684.088
191783.649
200570.631
198864.892
235323.242
195807.477
200297.607
203225.203
177973.171
207267.334
185880.194
205535.683
177318.447
175008.800
231453.689
228469.367
175004.665
195632.421
233840.903
206701.480
166403.703
193774.854
212486.940
172872.798
181631.304
188168.792
197160.970
193226.053
182941.888
181061.191
188859.852
225492.823
223255.959
198746.179
179105.101
181778.190
202213.942
233108.955
242854.851
239694.868
254755.437
181337.561
214584.550
200975.553
203908.502
196984.522
177748.182
171994.890
257259.718
225312.701
207818.318
182585.795
190205.822
167431.551
200073.197
188555.229
193906.107
186105.152
183854.728
202997.257
192220.709
227959.914
178620.739
199761.772
175333.308
211282.884
154770.282
210640.241
193251.693
157444.186
205111.692
199668.728
211493.904
203521.433
205040.532
161527.073
196437.707
201743.722
216893.393
186989.109
195494.280
213777.191
200303.407
169915.229
196734.123
203100.733
201885.650
211839.238
205530.338
199013.193
190242.057
202106.549
198868.995
212752.840
214026.028
202023.002
197662.147
187389.416
218566.830
196715.808
203738.734
218015.881
152271.386
187659.350
203662.969
223747.376
184786.520
202761.539
191319.257
196802.392
191871.059
199531.981
188968.844
196411.877
205017.701
194897.099
203392.872
194413.869
183270.304
170957.821
177747.716
200643.099
229906.746
206976.805
219633.132
255558.835
158826.599
204769.698
231847.322
216779.119
223029.729
194784.258
179390.039
236715.832
225014.202
190897.163
171248.068
185050.087
200413.043
197116.741
217684.162
209479.673
217647.678
199172.795
202342.583
165058.907
207491.286
168323.948
187019.937
177950.604
184251.665
199701.140
208662.033
189560.478
226460.554
188645.279
208349.294
215718.641
180930.931
236439.120
221596.436
162280.298
202096.793
232920.153
192888.097
206220.166
166701.885
248898.948
177332.197
176158.162
212027.432
204576.158
195490.046
159554.143
225570.669
183187.778
264046.531
188479.825
216513.407
204995.587
225729.077
212214.942
223968.969
196698.176
198880.379
234498.770
187487.146
236832.478
190389.123
258598.100
225957.721
225325.686
204306.994
211402.171
181781.749
188240.951
225427.260
230966.171
260313.675
222455.503
182931.955
194829.266
236185.566
201398.043
226510.079
235892.695
203454.660
215611.706
200577.922
237008.377
268303.174
243192.114
209307.363
195287.363
219715.245
196822.538
207838.512
158864.834
225226.483
204294.531
225059.464
195214.244
243886.506
201643.292
210327.940
224672.276
214717.283
221863.853
222161.463
238380.479
215041.545
219601.393
207463.667
221844.895
204846.998
242750.850
237524.539
239816.517
